554
490
409
323
217
178
49
-111
162
780
900
255
-530
-1010
-1195
-1098
-917
-894
-833
-665
-537
-402
-277
-252
-240
-166
14
147
7
-106
-6
123
125
-79
-152
-13
10
-84
-220
-255
-175
-217
-299
-341
-387
-350
-339
-384
-415
-511
-525
-492
-573
-631
-655
-613
-545
-612
-674
-633
-594
-581
-661
-831
-1007
-1210
-1221
-990
-590
192
1072
1628
1825
1547
762
-124
-846
-1327
-1417
-1201
-807
-481
-291
-94
43
138
237
312
405
477
497
556
556
554
574
532
578
552
497
509
445
464
454
341
308
286
293
292
191
150
130
75
94
67
9
15
-24
-27
-32
-80
-68
-98
-117
-81
-107
-128
-150
-190
-165
-218
-320
-417
-638
-848
-980
-965
-726
-409
-51
256
426
606
867
1176
1379
1153
425
-460
-1102
-1316
-1173
-890
-579
-328
-131
83
258
381
424
444
539
622
663
653
581
619
666
619
605
550
560
601
537
525
495
462
484
420
365
343
276
266
232
160
145
94
73
71
8
18
27
10
19
-17
-23
-11
-52
-55
-65
-112
-101
-131
-155
-136
-185
-188
-192
-240
-261
-381
-570
-797
-1112
-1290
-1208
-958
-634
-304
118
463
759
1107
1147
891
303
-627
-1437
-1847
-1827
-1524
-1184
-819
-515
-287
-2
210
365
475
516
565
621
643
595
583
587
590
584
509
505
511
476
466
400
384
399
345
335
279
221
234
186
190
166
87
113
81
50
59
16
32
20
-29
-36
-83
-92
-107
-176
-159
-165
-175
-168
-253
-268
-271
-273
-196
-211
-238
-229
-271
-323
-467
-744
-1023
-1232
-1252
-1026
-754
-448
5
371
646
935
983
803
354
-340
-976
-1490
-1658
-1445
-1252
-929
-539
-277
100
304
451
621
610
724
791
766
773
672
646
670
601
602
547
486
547
494
486
441
360
379
278
215
176
110
106
39
-18
-29
-57
-64
-82
-141
-134
-129
-148
-158
-227
-258
-260
-275
-302
-363
-406
-404
-385
-383
-378
-399
-380
-349
-377
-356
-387
-452
-528
-757
-990
-1167
-1242
-1091
-918
-735
-381
-48
244
613
870
903
686
163
-495
-1105
-1511
-1548
-1336
-1121
-796
-372
-80
241
519
620
698
791
866
885
866
798
762
732
675
653
585
543
542
505
491
454
392
432
433
371
353
301
333
396
276
76
-51
-115
-142
-156
-190
-243
-283
-281
-287
-308
-312
-349
-377
-360
-384
-380
-394
-445
-404
-426
-433
-410
-475
-429
-441
-518
-530
-645
-761
-957
-1261
-1419
-1450
-1318
-1066
-820
-443
-122
218
707
844
716
340
-397
-993
-1459
-1695
-1520
-1371
-1172
-775
-419
-36
274
443
609
679
775
867
827
841
824
760
740
690
668
643
580
575
581
528
502
477
450
445
363
325
311
263
273
230
203
225
174
165
188
152
52
-67
-117
-154
-172
-158
-195
-236
-239
-267
-258
-243
-287
-338
-412
-449
-477
-544
-587
-581
-580
-601
-629
-708
-761
-896
-1107
-1236
-1332
-1260
-1125
-945
-523
-43
470
864
885
691
204
-497
-1016
-1397
-1491
-1281
-1187
-924
-552
-337
17
302
549
778
803
873
913
893
932
857
795
856
800
770
742
695
763
697
657
653
614
639
578
536
539
492
472
453
405
398
357
321
348
294
262
249
208
212
174
140
149
114
80
63
6
-11
-35
-112
-105
-136
-193
-192
-244
-251
-270
-339
-341
-392
-468
-518
-640
-775
-958
-1166
-1220
-1227
-1164
-973
-653
-98
470
852
993
808
326
-330
-893
-1212
-1352
-1266
-1041
-836
-528
-158
127
444
717
868
986
1016
1067
1113
1051
1038
1046
1013
992
916
863
862
801
786
753
699
693
629
595
576
512
494
468
434
419
346
297
293
237
203
163
114
135
94
56
79
50
74
87
44
72
59
36
55
-11
-35
-42
-90
-82
-132
-167
-167
-233
-250
-288
-381
-455
-606
-760
-922
-1101
-1142
-1140
-1086
-842
-472
-2
547
945
1027
799
244
-471
-1054
-1422
-1509
-1385
-1245
-998
-664
-260
132
368
592
707
773
884
905
949
914
819
833
779
762
767
667
702
685
620
638
544
561
554
449
451
381
373
389
297
285
247
186
203
159
126
122
65
68
52
15
18
-19
-30
-46
-85
-75
-83
-112
-116
-143
-156
-150
-203
-225
-242
-277
-249
-259
-283
-304
-398
-509
-726
-1041
-1275
-1418
-1355
-1152
-984
-639
-214
175
653
872
775
449
-238
-858
-1263
-1605
-1604
-1408
-1193
-797
-395
-65
249
498
733
858
916
1012
992
983
977
913
904
835
767
753
697
674
643
575
564
514
462
440
354
333
305
257
273
218
195
201
146
136
106
63
73
28
-1
-16
-90
-88
-99
-130
-98
-140
-150
-125
-175
-171
-200
-254
-228
-257
-274
-257
-310
-321
-332
-400
-421
-507
-628
-720
-880
-1026
-1167
-1299
-1314
-1318
-1277
-994
-541
95
726
966
894
545
-124
-731
-1117
-1380
-1413
-1303
-1104
-811
-435
-81
168
448
664
787
916
972
1033
1096
1024
996
974
922
931
837
798
806
730
729
682
650
687
621
598
575
483
468
436
401
406
340
313
293
212
189
134
83
84
32
-6
-21
-63
-77
-88
-132
-123
-138
-173
-164
-222
-247
-256
-309
-306
-356
-405
-383
-407
-384
-364
-417
-438
-559
-768
-980
-1214
-1254
-1161
-1035
-775
-470
-60
444
828
986
838
315
-380
-914
-1281
-1461
-1339
-1209
-1058
-663
-298
54
429
677
861
966
1023
1055
1053
1042
1013
981
930
867
834
759
715
689
607
597
530
475
467
364
336
287
233
252
181
163
155
104
120
58
2
4
-64
-85
-115
-174
-149
-177
-198
-188
-245
-238
-247
-297
-291
-330
-359
