-520
-1014
-1337
-1401
-1220
-1183
-1001
-693
-478
-144
54
184
379
476
594
611
564
655
671
647
670
619
665
670
620
664
628
642
658
638
677
637
622
659
650
649
636
615
652
629
581
598
567
553
529
476
485
466
432
422
385
368
366
309
287
252
178
181
137
81
58
-10
-18
-54
-150
-199
-298
-409
-522
-724
-916
-1115
-1272
-1278
-1296
-1403
-1663
-2038
-2038
-1801
-934
-95
288
139
-427
-963
-1242
-1346
-1226
-1061
-920
-634
-293
-14
206
345
473
648
750
786
780
786
851
868
816
790
788
775
764
709
714
743
726
747
731
722
735
720
749
753
733
743
721
705
689
634
635
625
568
573
548
543
562
514
525
520
485
501
478
458
460
400
374
349
280
251
180
133
106
4
-60
-141
-290
-456
-685
-894
-1054
-1184
-1197
-1234
-1416
-1726
-2038
-2038
-1660
-666
107
340
64
-530
-1061
-1321
-1342
-1247
-1168
-994
-713
-352
-27
122
264
401
569
700
659
661
694
696
694
596
594
651
593
618
602
582
627
557
583
583
510
521
486
516
537
469
493
492
451
454
412
417
426
367
368
358
348
352
301
297
302
270
274
259
244
258
240
231
222
149
111
81
27
17
-45
-107
-171
-327
-477
-690
-936
-1055
-1140
-1187
-1290
-1623
-1988
-2038
-2001
-1082
-219
242
248
-300
-868
-1221
-1446
-1411
-1262
-1087
-804
-471
-145
97
289
508
678
819
871
809
826
850
807
743
672
688
706
641
594
573
557
568
540
526
539
498
511
521
483
494
466
464
496
440
438
458
445
462
409
388
415
374
375
366
337
369
344
337
348
293
305
288
256
274
217
191
174
85
15
-74
-198
-294
-457
-652
-814
-1009
-1168
-1307
-1376
-1366
-1475
-1735
-2038
-2038
-2038
-1202
-328
171
176
-293
-828
-1150
-1316
-1307
-1190
-1020
-776
-471
-158
40
196
356
506
668
713
698
747
763
783
751
681
735
721
684
675
616
660
647
601
631
577
587
608
555
582
568
546
585
540
518
504
446
462
404
343
352
317
306
287
249
256
261
246
265
249
238
252
205
193
162
88
59
-2
-71
-98
-168
-208
-256
-392
-523
-723
-932
-1075
-1194
-1210
-1282
-1524
-1857
-2038
-2038
-1510
-533
199
435
142
-451
-934
-1198
-1315
-1205
-1080
-966
-650
-311
11
269
453
656
826
908
884
867
910
938
888
806
779
801
753
705
692
655
666
601
580
590
524
535
511
524
546
477
506
520
491
491
432
422
431
360
350
332
295
307
253
251
275
236
252
252
229
241
212
181
168
100
56
24
-44
-79
-155
-235
-297
-439
-575
-768
-997
-1105
-1189
-1218
-1231
-1416
-1719
-2038
-2038
-2038
-1158
-165
312
310
-82
-724
-1044
-1189
-1278
-1110
-1019
-914
-605
-321
-64
208
421
680
882
909
885
887
954
953
856
799
834
834
787
758
719
731
671
613
624
581
593
583
557
574
527
515
555
531
517
487
457
491
442
413
424
392
404
373
338
359
323
306
316
283
290
276
249
265
217
176
157
77
21
-50
-143
-179
-278
-400
-492
-644
-793
-987
-1177
-1216
-1231
-1257
-1378
-1734
-2038
-2038
-2038
-1290
-265
295
405
-15
-607
-952
-1177
-1236
-1197
-1156
-964
-668
-272
50
240
468
705
916
1032
976
976
1038
992
970
889
872
910
823
816
793
753
767
720
719
746
701
723
749
723
737
700
726
764
695
678
660
637
621
562
550
571
553
549
530
507
528
496
480
489
447
431
406
367
352
278
228
202
115
55
-18
-115
-188
-338
-484
-589
-709
-732
-771
-836
-876
-1057
-1273
-1525
-1848
-2036
-2001
-1625
-989
-414
18
214
130
-228
-866
-1464
-1768
-1656
-1314
-1163
-1015
-784
-599
-274
71
329
521
614
704
797
845
805
711
681
700
682
580
475
480
490
453
367
302
349
336
293
266
224
272
261
231
238
182
188
185
149
171
122
127
177
112
104
89
54
93
49
26
48
24
33
-6
-64
-60
-127
-180
-193
-250
-248
-258
-282
-258
-312
-372
-416
-505
-547
-587
-620
-587
-650
-773
-906
-1120
-1292
-1466
-1548
-1371
-1044
-641
-320
-132
27
113
25
-244
-674
-1000
-975
-707
-342
-39
115
147
199
311
440
512
551
605
635
706
703
