401
469
481
437
403
298
167
20
-201
-435
-689
-809
-609
-72
650
1125
1194
832
158
-460
-949
-1248
-1287
-1209
-1037
-729
-445
-194
23
179
341
432
495
509
519
557
537
477
385
323
253
178
90
-6
-62
-168
-265
-325
-387
-439
-479
-510
-535
-576
-596
-580
-605
-578
-575
-597
-569
-641
-712
-759
-838
-940
-1169
-1321
-1013
-155
829
1309
1247
783
-76
-894
-1424
-1578
-1329
-987
-655
-421
-306
-200
-148
-71
51
100
72
0
16
98
55
-79
-122
-35
-14
-82
-148
-177
-138
-189
-267
-280
-325
-329
-377
-456
-457
-517
-522
-491
-540
-552
-601
-622
-613
-708
-751
-763
-774
-760
-827
-851
-809
-786
-719
-680
-658
-582
-510
-384
-290
-312
-373
-469
-493
-301
189
892
1380
1428
1142
461
-368
-927
-1156
-957
-464
-26
260
437
581
705
800
914
994
995
964
954
941
908
873
816
803
828
785
686
635
594
518
445
418
421
415
377
292
282
224
100
102
82
62
76
36
5
-63
-88
-77
-74
-47
-83
-132
-170
-218
-287
-377
-450
-515
-674
-838
-799
-529
-52
440
734
770
598
288
57
236
682
1131
1448
1367
768
4
-450
-551
-344
-46
147
294
391
520
609
587
579
600
569
508
469
433
399
342
316
319
271
226
208
193
166
80
34
58
-4
-51
-93
-159
-138
-168
-217
-253
-340
-352
-371
-396
-371
-417
-443
-430
-451
-453
-480
-504
-482
-513
-548
-557
-592
-595
-601
-643
-641
-642
-685
-700
-774
-883
-1005
-1138
-1087
-867
-501
-43
257
326
179
11
188
679
1072
1120
888
478
-82
-604
-881
-881
-588
-258
-57
141
329
501
658
736
780
791
677
619
632
597
538
391
336
383
316
219
133
118
164
98
24
14
-20
-23
-68
-141
-148
-195
-220
-228
-285
-310
-332
-356
-376
-432
-468
-462
-470
-489
-524
-556
-523
-529
-560
-558
-574
-558
-557
-578
-558
-564
-568
-557
-584
-584
-601
-668
-726
-862
-1010
-1069
-974
-632
-266
-36
36
24
231
733
1273
1462
1231
812
336
-101
-520
-808
-792
-560
-268
-23
113
198
325
487
612
628
575
479
459
506
459
365
245
231
277
191
78
-10
-9
30
-52
-129
-150
-152
-119
-162
-224
-233
-250
-241
-272
-314
-302
-301
-267
-266
-337
-342
-318
-292
-262
-302
-311
-285
-301
-291
-290
-294
-253
-257
-269
-243
-253
-228
-217
-252
-256
-310
-378
-470
-649
-752
-721
-547
-254
-54
32
44
31
251
764
1466
1907
1747
1291
710
195
-208
-551
-610
-444
-155
144
321
561
802
963
1153
1205
1170
1098
971
970
966
866
717
629
649
593
481
352
310
372
308
222
151
76
63
-37
-104
-136
-229
-222
-263
-317
-323
-391
-358
-354
-424
-424
-447
-427
-416
-488
-489
-492
-498
-487
-539
-520
-506
-552
-547
-572
-582
-563
-603
-625
-669
-759
-809
-870
-921
-905
-834
-628
-309
-23
139
107
-40
-69
218
780
1220
1284
1063
636
202
-145
-534
-667
-494
-337
-102
127
318
576
766
979
1096
1025
960
842
798
833
711
589
519
513
544
428
328
324
338
343
267
220
233
228
210
177
151
136
124
85
29
-16
-69
-73
-84
-125
-135
-157
-144
-156
-232
-266
-311
-339
-355
-402
-377
-384
-473
-522
-573
-590
-570
-606
-641
-727
-837
-893
-904
-830
-693
-497
-207
86
249
246
64
-140
-105
308
941
1350
1395
1136
650
171
-252
-540
-529
-431
-264
40
266
523
828
1003
1155
1205
1142
1055
937
913
862
694
577
516
486
423
267
180
153
102
47
-54
-110
-121
-166
-206
-261
-318
-345
-370
-412
-451
-486
-477
-438
-471
-536
-592
-607
-576
-592
-628
-635
-651
-643
-639
-662
-632
-625
-619
-576
-581
-549
-535
-559
-528
-565
-621
-654
-741
-767
-734
-642
-406
-141
107
225
155
73
127
527
1142
1513
1529
1285
879
454
77
-203
-281
-209
-91
96
280
486
716
911
1110
1180
1120
1006
877
851
801
644
533
455
438
402
241
195
180
162
165
79
54
34
5
31
41
66
101
120
134
86
14
1
-9
-37
-57
-51
-48
-44
-57
-85
-64
-42
-36
-67
-100
-81
-95
-105
-90
-107
-103
-108
-106
-85
-136
-143
-153
-201
-224
-320
-379
-432
-509
-419
-188
148
415
414
293
236
406
889
1384
1544
1433
1194
795
335
-62
-336
-367
-227
-34
120
241
507
728
913
1069
1007
989
921
848
878
734
614
568
520
555
424
297
319
289
312
192
50
29
-84
-129
-221
-320
-333
-417
-441
-468
-542
-549
-583
-601
-597
-647
-643
-637
-661
-679
-740
-761
-748
-754
-763
-764
-770
-782
-787
-811
-803
-789
-798
-782
-801
-813
-834
-914
-988
-1090
-1131
-1019
-798
-465
-156
-3
13
-89
-148
-42
309
813
1048
1048
923
491
-31
-434
-689
-606
-431
-360
-163
87
362
662
850
979
1055
1012
950
868
796
746
622
605
630
586
494
337
304
319
230
142
74
37
11
-100
-178
-215
-270
-291
-336
-358
-371
-415
-424
-427
-472
-542
-576
-596
-608
-628
-664
-655
-691
-743
-754
-776
-750
-734
-746
-716
-716
-712
-700
-739
-750
-797
-876
-933
-1057
-1146
-1141
-989
-664
-327
-51
90
62
-19
-100
-36
377
859
1087
1141
954
495
-9
-410
-623
-550
-496
-518
-301
-76
198
521
686
870
971
941
886
807
807
775
628
549
481
412
324
207
219
178
106
50
0
60
7
-35
-8
-37
-21
-82
-145
-143
-204
-225
-241
-275
-253
-300
-319
-306
-371
-383
-408
-439
-464
-538
-553
-538
-524
-516
-549
-558
-541
-560
-579
-600
-643
-664
-700
-773
-863
-949
-954
-842
-652
-401
-123
38
51
-74
-239
-187
177
745
1138
1205
1110
802
390
34
-305
-410
-261
-223
-120
84
205
567
937
1141
1360
1357
1295
1274
1212
1174
1016
864
