-24
-22
-17
-18
-19
-14
-4
-1
7
17
26
27
26
45
63
89
99
84
50
7
-9
-23
-1
15
27
28
51
85
119
134
145
135
133
130
104
62
18
0
-1
24
47
85
106
119
111
92
84
85
82
68
46
23
7
-2
6
8
17
30
48
40
37
28
23
22
9
-1
-13
-22
-10
6
30
42
56
52
52
53
39
20
-10
-42
-75
-83
-62
-48
-28
-22
-5
-14
-12
-15
-5
-1
15
10
-7
-26
-29
-23
-35
-40
-39
-40
-13
3
20
9
-16
-47
-61
-53
-49
-50
-36
-17
-2
-5
-32
-59
-77
-81
-57
-33
-14
-22
-17
-32
-33
-32
-27
-31
-30
-19
-19
-24
-29
-34
-30
-19
-7
7
11
25
29
28
29
42
35
41
33
31
25
33
38
39
45
42
42
39
28
17
12
1
-5
-8
-5
-12
-8
2
22
33
46
36
31
33
37
45
33
20
-1
-19
-30
-29
-33
-29
-28
-21
-14
1
2
-4
-1
10
2
-13
-43
-63
-74
-63
-35
-12
24
35
50
57
65
75
73
73
78
84
74
64
59
52
52
58
45
20
0
-22
-27
-13
16
53
79
97
102
84
66
47
29
0
-16
-26
-28
-30
-21
-19
-11
10
19
15
-6
-19
-30
-40
-66
-96
-119
-123
-111
-104
-86
-55
-35
-29
-33
-30
-41
-52
-56
-69
-78
-86
-93
-96
-81
-48
-24
-2
-3
-1
-21
-20
-23
-22
-38
-48
-61
-55
-53
-25
-5
19
45
50
35
7
-24
-59
-79
-61
-52
-18
-1
4
14
17
52
72
94
94
91
59
10
-32
-53
-41
-1
38
48
46
40
37
51
56
80
90
104
109
102
84
72
73
51
28
7
-10
-25
-39
-35
-22
11
52
86
102
101
77
52
27
20
5
-6
-21
-42
-59
-68
-59
-41
-19
18
37
40
32
27
10
-11
-35
-64
-81
-90
-71
-48
-28
-14
-6
-2
11
17
14
14
7
3
-2
-15
-18
-28
-27
-12
-10
-12
-27
-33
-59
-77
-63
-30
-1
6
9
7
-12
-18
-35
-52
-69
-86
-100
-103
-97
-77
-60
-21
15
37
46
32
7
-28
-52
-71
-73
-67
-42
-13
9
35
37
54
69
92
96
86
77
63
42
13
-15
-32
-20
9
41
46
36
16
2
-13
-9
-11
-33
-64
-68
-49
-12
16
24
13
8
14
18
26
16
12
0
1
9
0
6
12
29
56
79
90
77
60
50
49
39
30
4
6
-12
-2
5
31
75
104
113
106
91
75
43
39
22
13
3
-3
12
31
50
52
44
40
52
52
58
49
20
-17
-38
-43
-43
-28
-5
19
48
74
91
83
68
59
42
24
-5
-25
-56
-51
-32
-18
-7
-8
-5
-6
5
21
26
31
39
46
46
48
48
54
46
54
43
38
18
-8
-27
-37
-8
11
41
43
41
36
33
41
35
17
15
22
30
33
12
-8
-24
-14
-3
-6
-9
-10
-16
5
2
10
1
-30
-32
-40
-30
-1
32
43
51
68
64
53
25
5
-24
-40
-41
-22
-4
34
55
61
65
37
6
-35
-59
-68
-71
-60
-41
-32
-25
-13
5
8
11
18
31
39
52
51
43
24
1
-2
0
-21
-42
-84
-83
-68
-63
-64
-54
-41
-41
-38
-45
-43
-33
-28
-22
-31
-34
-40
-32
-16
12
19
20
22
36
47
52
62
68
62
39
13
-26
-37
-48
-50
-71
-74
-78
-72
-64
-50
-42
-25
5
32
31
27
29
43
48
33
-10
-58
-73
-54
-61
-59
-56
-31
-15
-9
1
19
39
53
37
4
-30
-60
-75
-74
-76
-82
-99
-105
-85
-69
-36
0
40
55
71
53
44
21
-3
-21
-31
-17
-27
-28
-44
-27
2
19
26
17
6
-10
-21
-31
-44
-52
-68
-85
-92
-66
-37
7
51
70
73
56
30
-1
-30
-42
-62
-79
-94
-78
-52
-6
34
43
44
31
38
36
38
41
32
14
-9
-21
-34
-23
1
28
47
49
38
15
-1
8
3
2
-8
-18
-31
-41
-37
-18
7
33
48
44
39
46
57
72
88
86
77
70
69
76
83
92
72
46
4
-17
-41
-44
-20
7
28
43
52
47
55
62
59
55
45
47
44
38
28
9
-24
-46
-53
-53
-45
-29
-3
19
39
53
41
27
-3
-35
-64
-92
-111
-138
-144
-132
-114
-93
-69
-36
-15
-9
-14
-18
-31
-38
-47
-60
-54
-45
-41
-54
-66
-67
-68
-60
-40
-23
-16
-3
-3
5
15
41
48
52
42
29
11
-7
-7
-16
-28
-32
-38
-36
-21
0
12
34
45
37
4
-30
-52
-86
-106
-125
-119
-115
-97
-81
-64
-32
4
20
18
17
19
17
25
36
48
48
38
31
25
39
63
75
81
93
80
89
90
111
110
96
84
74
71
65
59
49
39
47
52
48
43
28
36
55
86
94
86
60
50
46
41
45
29
21
17
40
42
41
32
20
25
45
73
79
69
43
9
-2
-15
-6
-20
-33
-37
-31
-8
20
50
46
46
32
28
10
-16
-47
-62
-76
-69
-59
-42
-12
-1
-1
-16
-14
-9
1
-8
-23
-33
-18
4
-3
-25
-44
-52
-63
-66
-57
-37
-18
8
6
4
-6
-6
-11
-5
0
22
36
46
55
47
32
11
-4
-12
-5
29
57
66
88
82
89
86
94
78
64
38
15
8
2
9
3
-4
-1
-9
-8
2
7
11
14
21
24
37
35
27
25
33
57
69
62
52
42
25
12
19
24
25
32
29
29
15
-2
-13
-6
17
41
52
59
74
69
85
88
84
68
57
52
57
64
82
93
89
78
69
55
55
55
59
54
50
37
52
61
86
78
59
39
34
13
-1
-18
-13
-13
3
10
21
13
11
16
21
33
22
2
-33
-68
-104
-111
-91
-63
-40
-26
-22
-17
-11
-4
-1
-11
-15
-13
-29
-54
-60
-75
-73
-88
-77
-64
-33
5
19
17
0
-10
-19
-23
-30
-20
-25
-15
-22
-20
-19
-6
8
10
22
31
35
31
24
15
23
42
43
36
18
16
2
4
9
24
21
10
-1
-8
1
21
43
40
42
33
29
23
8
-4
-31
-38
-23
-20
-3
5
11
15
15
21
22
20
29
27
7
-16
-36
-61
-66
-56
-45
-36
-29
-25
-27
