2
-6
-22
-17
6
26
40
42
35
19
9
4
-10
-20
-41
-58
-74
-71
-52
-32
-4
27
48
49
54
55
64
56
44
15
-11
-10
-7
-4
3
24
40
43
40
25
8
8
19
27
29
15
-10
-33
-42
-32
-16
0
16
32
43
47
60
52
50
43
30
16
6
7
11
21
32
34
30
34
44
48
62
72
62
35
9
1
-1
8
22
39
58
81
78
57
38
33
37
30
22
16
30
53
71
70
48
37
25
22
25
35
37
40
42
46
42
36
25
7
9
24
47
59
58
46
19
-16
-37
-56
-62
-56
-42
-28
-2
35
84
117
126
100
38
-22
-58
-75
-75
-70
-48
-26
-13
-3
17
53
83
113
115
101
79
61
35
-3
-31
-48
-53
-46
-34
-18
4
32
53
72
86
88
57
0
-49
-91
-116
-125
-125
-127
-120
-105
-84
-55
-31
-3
7
11
11
5
-1
-4
13
13
19
28
45
69
89
95
76
55
29
6
-25
-40
-46
-41
-28
-7
13
24
31
12
-10
-25
-26
-24
-29
-29
-42
-55
-57
-47
-38
-39
-27
-8
12
33
51
53
39
27
9
-6
-16
-27
-25
-19
6
21
29
36
58
73
79
66
44
21
6
-2
-18
-24
-17
-4
11
26
37
40
43
31
3
-49
-101
-141
-162
-153
-128
-92
-63
-28
-15
-7
-12
-15
-17
-29
-34
-41
-48
-43
-40
-47
-70
-73
-70
-49
-25
-2
5
5
11
27
44
47
40
11
-18
-32
-37
-31
-17
4
11
21
24
17
-6
-24
-31
-49
-57
-71
-85
-96
-93
-64
-37
-13
-9
-25
-46
-54
-44
-30
-12
3
8
5
8
2
-22
-55
-81
-93
-89
-72
-54
-39
-17
8
31
44
65
69
61
41
17
-3
-27
-32
-35
-25
-9
9
18
25
32
30
24
19
22
17
17
27
35
51
60
83
89
97
99
95
77
67
55
45
49
67
91
104
109
111
100
84
65
53
40
43
43
39
48
64
85
98
111
106
103
102
105
108
95
90
83
84
86
92
94
95
107
117
117
105
91
72
65
77
87
85
79
71
62
57
62
68
74
78
82
84
92
99
94
75
69
71
79
97
120
130
122
105
95
86
71
59
51
46
54
55
45
35
28
33
38
60
67
60
39
22
13
11
19
17
8
2
7
18
28
42
37
28
22
44
70
96
105
90
68
54
56
47
32
19
12
15
27
41
47
57
61
52
40
37
45
43
31
17
-4
-22
-23
-13
-7
-12
-24
-26
-31
-26
-36
-54
-55
-38
-21
-23
-36
-60
-71
-53
-11
25
41
46
39
34
34
51
61
55
45
17
-6
-12
0
19
41
54
55
56
60
75
80
80
88
82
58
16
-16
-33
-21
2
7
2
-14
-20
-25
-8
16
24
1
-33
-58
-73
-70
-62
-60
-74
-80
-69
-51
-24
-1
17
21
30
38
40
50
57
48
25
13
12
31
57
86
96
84
81
73
82
99
113
99
60
25
1
10
36
68
90
103
110
105
91
75
73
66
54
42
40
44
58
67
73
93
121
135
130
113
98
69
49
39
33
19
1
-16
-26
-23
-8
10
12
10
1
-7
-1
16
15
1
-14
-23
-27
-13
15
44
49
55
52
56
49
28
1
-25
-23
-6
3
6
-8
-30
-40
-38
-35
-27
-8
20
29
22
0
-21
-36
-31
-11
-14
-20
-34
-31
-18
5
20
0
-43
-85
-107
-107
-93
-84
-92
-92
-84
-68
-54
-44
-32
-32
-35
-37
-34
-27
-15
-23
-41
-55
-49
-29
-17
-1
2
5
11
20
22
13
9
-5
-21
-38
-40
-43
-39
-17
15
56
85
100
88
72
66
61
60
55
49
18
-12
-36
-44
-38
-20
0
8
6
5
2
4
10
19
10
4
-8
-26
-55
-72
-78
-80
-82
-80
-69
-50
-26
-21
-35
-52
-61
-59
-58
-55
-62
-56
-34
-1
13
14
17
5
-5
-12
-5
16
26
28
12
-13
-34
-37
-37
-21
-5
6
3
-3
-3
-6
-5
5
20
24
24
18
-3
-16
-19
-15
-10
-12
-8
-21
-28
-41
-46
-52
-45
-30
-16
7
19
16
-1
-16
-28
-41
-46
-59
-81
-107
-98
-62
-16
19
29
19
-2
-14
-22
-17
-7
17
37
51
63
59
45
31
27
24
21
20
19
14
16
22
19
13
10
17
18
15
11
2
11
28
31
21
0
-14
-32
-27
-1
47
81
100
90
53
24
8
20
33
42
30
-1
-36
-38
-26
-3
26
40
50
58
76
78
58
16
-46
-97
-117
-103
-75
-51
-20
6
41
67
75
47
10
-13
-19
-5
20
48
63
75
74
55
18
-20
-36
-58
-63
-55
-35
-21
-15
-1
10
25
51
69
72
60
41
15
13
16
19
-1
-16
-25
-12
22
59
72
48
17
-9
-21
-25
-28
-21
-26
-21
-15
-7
14
52
101
137
157
140
106
64
33
10
0
18
33
37
30
23
22
42
87
121
127
109
82
53
41
39
40
40
46
58
63
71
86
104
101
96
86
65
51
38
20
-1
-11
4
28
71
112
141
144
127
95
59
35
23
22
22
32
29
26
37
76
115
134
139
117
77
30
-8
-38
-56
-59
-72
-77
-53
-4
46
79
83
73
56
50
46
24
-11
-45
-74
-88
-84
-53
-16
22
55
82
104
122
133
113
85
64
47
24
-9
-39
-64
-61
-29
25
82
122
131
118
98
80
68
52
44
20
-11
-41
-51
-42
-18
16
45
58
64
72
67
49
36
25
14
14
26
36
45
48
49
55
68
78
69
54
41
32
19
10
11
-2
-8
-2
1
10
17
31
34
36
46
60
70
71
57
27
5
-13
-25
-35
-28
-17
-10
-11
-14
-28
-43
-44
-44
-34
-22
-22
-33
-60
-66
-76
-82
-84
-69
-42
-14
16
20
13
6
8
7
-4
-17
-31
-44
-53
-50
-48
-39
-19
-15
-4
11
24
1
-33
-82
-117
-133
-126
-94
-60
-25
-3
7
2
7
32
48
54
44
27
9
4
13
24
43
46
28
3
-3
14
55
95
111
98
70
62
69
77
71
66
53
29
19
15
28
43
52
47
45
51
49
36
11
-3
