29
20
-8
-39
-74
-97
-103
-95
-68
-41
-9
23
50
66
81
90
73
22
-45
-111
-161
-189
-187
-168
-131
-68
2
67
121
157
174
183
183
165
111
34
-55
-135
-192
-209
-187
-150
-106
-62
-16
33
102
147
146
89
0
-97
-176
-205
-209
-190
-174
-154
-125
-85
-29
20
37
37
19
-12
-55
-76
-113
-142
-168
-160
-129
-92
-68
-63
-65
-36
11
47
80
101
107
88
33
-44
-145
-230
-290
-315
-317
-291
-231
-140
-21
79
134
124
73
12
12
-51
-97
-129
-146
-141
-114
-70
-35
3
36
64
75
59
22
-25
-62
-79
-81
-87
-83
-86
-70
-21
66
152
207
219
181
109
17
-59
-109
-121
-100
-79
-52
-15
26
60
92
123
154
160
127
54
-40
-108
-126
-131
-130
-133
-103
-46
48
135
192
216
210
181
105
2
-106
-190
-237
-254
-248
-222
-165
-82
7
83
138
163
139
91
21
-50
-130
-187
-217
-204
-147
-66
2
55
95
127
155
144
77
-44
-166
-230
-241
-217
-174
-98
-9
77
142
177
192
205
202
157
78
-27
-136
-233
-285
-288
-258
-209
-157
-99
-44
5
50
84
119
155
165
119
42
-56
-147
-184
-172
-130
-93
-58
-40
-27
-3
29
58
65
39
-10
-75
-131
-168
-186
-184
-141
-83
-22
34
79
100
101
101
96
74
32
-20
-81
-133
-152
-142
-99
-48
0
23
23
8
-25
-56
-57
-38
-38
-61
-109
-162
-197
-201
-159
-107
-53
-30
-40
-71
-88
-93
-96
-89
-100
-129
-171
-190
-171
-147
-112
-95
-84
-85
-90
-90
-93
-81
-70
-75
-105
-142
-169
-188
-181
-156
-124
-103
-88
-90
-73
-64
-42
-34
-44
-53
-69
-84
-108
-138
-176
-216
-236
-230
-203
-155
-96
-43
1
27
22
-5
-43
-82
-117
-146
-161
-174
-178
-155
-85
-4
54
62
22
-36
-73
-91
-102
-109
-122
-136
-148
-153
-143
-136
-114
-74
-38
-2
29
58
82
97
92
52
-29
-114
-194
-242
-247
-219
-165
-113
-62
-34
-6
20
57
61
4
-97
-214
-290
-304
-259
-187
-113
-30
36
93
118
123
105
76
37
-27
-121
-225
-306
-346
-327
-257
-167
-71
26
126
200
250
251
210
125
16
-104
-214
-286
-295
-258
-203
-146
-87
-46
2
39
58
57
36
5
-40
-88
-138
-185
-222
-222
-204
-154
-86
-6
72
135
175
170
121
40
-43
-121
-181
-206
-215
-194
-153
-87
-25
8
39
51
62
65
63
38
-9
-74
-152
-208
-224
-189
-131
-67
-4
36
52
47
39
37
25
-11
-73
-153
-203
-217
-198
-153
-95
-50
-15
12
17
8
-11
-13
-4
0
-15
-57
-111
-149
-153
-120
-69
-25
-6
-17
-19
-2
37
65
74
36
-20
-62
-109
-129
-171
-187
-175
-115
-10
103
184
189
145
45
-76
-184
-250
-270
-240
-192
-143
-100
-54
-1
56
111
144
141
109
49
3
-56
-121
-187
-237
-240
-188
-102
-31
15
36
17
-11
-43
-79
-129
-170
-193
-210
-222
-218
-193
-145
-85
-35
-4
0
-6
-17
-16
-22
-31
-51
-74
-84
-89
-87
-67
-37
-2
33
66
86
85
63
25
-29
-87
-121
-136
-128
-106
-76
-58
-42
-25
1
34
63
66
21
-43
-111
-156
-175
-167
-133
-101
-56
-26
-7
8
24
40
33
0
-46
-82
-110
-111
-80
-55
-26
-18
-38
-65
-78
-54
-5
37
50
21
-39
-94
-140
-156
-146
-108
-50
6
66
90
82
62
41
15
-24
-65
-122
-174
-207
-196
-155
-92
-24
37
92
132
150
114
56
14
-19
-53
-88
-118
-133
-122
-117
-121
-117
-86
-13
59
116
133
116
73
18
-40
-101
-143
-156
-146
-131
-106
-59
-23
7
24
22
33
54
70
46
-17
-102
-180
-237
-248
-221
-161
-83
-10
33
46
50
41
40
27
2
-55
-123
-169
-191
-191
-164
-122
-58
3
65
100
101
81
31
-30
-78
-106
-132
-169
-211
-233
-223
-175
-112
-55
-14
15
53
84
96
86
53
2
-48
-91
-145
-179
-198
-194
-171
-132
-87
-46
-16
-23
-60
-119
-153
-164
-168
-164
-162
-159
-156
-146
-147
-149
-138
-109
-71
-30
19
44
27
-30
-90
-136
-157
-141
-123
-95
-57
-11
31
66
76
69
40
-7
-51
-88
-99
-90
-76
-62
-46
-40
-44
-49
-40
-38
-41
-35
-11
11
28
38
36
33
33
26
21
23
30
26
9
-25
-59
-98
-118
-110
-79
-41
5
44
70
80
61
25
-24
-65
-91
-106
-103
-79
-53
-33
-6
5
13
14
6
-2
-20
-23
-46
-67
-67
-42
-18
1
4
-10
-28
-39
-34
-33
-36
-46
-63
-71
-75
-75
-96
-116
-135
-151
-160
-166
-142
-105
-54
-2
26
30
21
12
4
8
-10
-40
-87
-128
-145
-151
-122
-78
-14
33
73
90
89
91
84
65
15
-32
-88
-144
-182
-187
-147
-65
38
136
199
226
216
169
108
68
33
-2
-57
-124
-196
-234
-222
-165
-89
-5
77
132
155
139
94
49
1
-42
-100
-144
-164
-158
-143
-127
-101
-73
-45
-31
-45
-70
-69
-53
-52
-70
-97
-117
-129
-123
-101
-68
-33
-24
-61
-132
-178
-184
-159
-113
-61
-18
1
-9
-41
-68
-83
-85
-89
-95
-87
-78
-77
-97
-136
-176
-189
-155
-102
-40
8
45
45
12
-44
-115
-166
-190
-189
-195
-198
-186
-173
-147
-118
-91
-91
-99
-117
-116
-94
-48
2
22
19
11
11
14
21
44
75
110
118
85
29
-32
-92
-146
-198
-237
-254
-247
-205
-154
-103
-64
-35
-15
5
36
76
104
107
69
-1
-76
-134
-179
-204
-204
-174
-134
-91
-51
-14
8
4
-35
-103
-172
-214
-227
-214
-178
-123
-62
5
71
117
134
126
107
65
24
-21
-72
-134
-197
-246
-274
-261
-210
-117
-7
84
123
91
21
-56
-111
-151
-146
-120
-89
-53
-23
-14
-37
-49
-61
-59
-48
-37
-39
-52
-69
-67
-61
-16
25
32
0
-45
-93
-128
-142
-130
-106
-74
-35
3
36
74
111
128
129
106
54
-9
-51
-74
-77
-56
-39
-16
-7
-11
-26
-53
-80
-101
-119
-139
-161
-160
-159
-122
-80
-34
-5
12
28
42
50
48
18
-39
-95
-137
-157
-139
-102
-70
-61
-64
-72
-70
-54
-30
-15
-1
21
34
40
43
53
66
73
60
25
-22
-80
-137
-197
-235
-234
-224
-203
-175
-106
-29
54
103
109
69
26
-15
-69
-114
-148
-163
-155
-131
-95
-77
-73
-87
-110
-128
