14
3
-14
-27
-45
-69
-86
-85
-79
-65
-53
-33
-21
-13
-12
-19
-27
-42
-53
-80
-107
-119
-119
-108
-85
-48
-14
23
51
66
82
96
105
84
43
-13
-73
-130
-165
-183
-188
-161
-107
-27
54
129
180
200
199
186
159
113
49
-42
-141
-229
-282
-292
-265
-189
-101
-6
70
117
132
122
114
112
119
120
100
39
-53
-146
-227
-275
-281
-245
-188
-114
-36
28
78
112
135
126
103
63
17
-31
-81
-121
-160
-187
-194
-192
-187
-174
-154
-130
-93
-60
-43
-40
-47
-67
-100
-135
-162
-180
-191
-178
-149
-103
-49
-6
21
40
52
38
-1
-53
-97
-133
-161
-171
-174
-173
-172
-155
-131
-91
-45
-45
-1
24
24
8
-39
-97
-142
-171
-173
-154
-113
-81
-60
-63
-74
-81
-68
-38
-28
-29
-46
-72
-102
-117
-112
-100
-75
-46
-17
5
20
14
-13
-37
-48
-58
-61
-65
-71
-82
-92
-88
-74
-56
-30
-12
2
-4
-22
-58
-95
-110
-112
-98
-77
-63
-62
-54
-26
3
31
52
72
58
14
-40
-101
-137
-154
-149
-137
-112
-70
-29
20
76
131
150
139
99
41
-31
-98
-155
-192
-188
-154
-107
-64
-28
1
19
40
62
71
56
19
-30
-90
-136
-165
-176
-166
-132
-92
-59
-41
-27
-21
-24
-24
-34
-50
-68
-81
-88
-91
-71
-51
-21
3
21
29
28
34
34
28
12
-8
-48
-87
-129
-166
-196
-202
-187
-152
-94
-28
27
58
68
62
35
7
-23
-49
-83
-115
-139
-164
-173
-173
-158
-132
-90
-42
5
50
83
102
99
90
55
-3
-74
-129
-154
-159
-149
-145
-143
-129
-91
-34
22
89
137
165
152
99
3
-104
-184
-227
-238
-229
-205
-171
-119
-55
-3
24
40
52
67
81
68
7
-80
-161
-199
-210
-200
-181
-161
-141
-113
-77
-53
-26
-5
11
2
-27
-71
-129
-161
-169
-158
-150
-136
-117
-87
-45
0
35
46
39
1
-55
-111
-158
-186
-209
-205
-192
-163
-128
-87
-52
-35
-22
-49
-79
-108
-111
-99
-81
-66
-73
-88
-103
-104
-105
-100
-96
-100
-114
-135
-145
-162
-152
-127
-92
-65
-44
-33
-40
-45
-46
-57
-70
-85
-100
-114
-110
-87
-57
-35
-15
2
6
1
-5
-16
-19
-17
-16
-30
-45
-55
-57
-52
-35
-30
-32
-40
-45
-55
-58
-51
-37
-23
-14
-4
-12
-27
-47
-60
-64
-49
-25
-12
-15
-24
-39
-57
-60
-51
-46
-37
-34
-34
-47
-60
-54
-34
-5
25
42
44
28
6
-40
-68
-80
-74
-61
-51
-57
-58
-57
-43
-17
0
14
12
-2
-11
-12
-14
-35
-50
-72
-76
-60
-33
3
26
50
58
54
35
17
-6
-26
-41
-52
-52
-40
-22
-30
-32
-18
-4
7
12
13
4
1
0
-7
-26
-34
-35
-39
-47
-63
-82
-95
-100
-97
-99
-94
-77
-62
-38
-16
5
13
4
-22
-63
-105
-130
-133
-119
-92
-61
-39
-41
-45
-50
-41
-32
-18
-19
-36
-53
-77
-91
-102
-105
-103
-92
-66
-39
-12
14
46
64
61
50
26
4
-19
-41
-80
-119
-147
-159
-158
-141
-109
-74
-29
20
57
83
95
99
89
75
57
30
-11
-68
-127
-197
-232
-227
-178
-98
-10
69
113
135
134
112
67
12
-47
-102
-142
-176
-209
-244
-248
-237
-204
-146
-71
15
92
158
183
183
162
128
71
-8
-85
-148
-180
-180
-158
-142
-128
-109
-93
-71
-43
-3
33
47
34
2
-31
-66
-88
-113
-123
-125
-124
-122
-109
-87
-71
-46
-29
-16
-16
-26
-32
-41
-37
-45
-51
-80
-97
-108
-99
-76
-32
13
43
52
24
-13
-36
-38
-40
-44
-51
-67
-78
-81
-74
-73
-75
-71
-78
-87
-94
-88
-76
-58
-37
-20
-11
-14
-18
-34
-55
-56
-52
-55
-57
-67
-81
-87
-81
-69
-44
-26
-5
-7
-7
-8
-13
-36
-73
-106
-130
-118
-84
-47
-21
6
32
41
32
-2
-41
-71
-86
-103
-125
-141
-144
-137
-130
-102
-72
-34
1
19
11
-20
-62
-112
-162
-199
-205
-188
-147
-94
-54
-25
1
35
64
82
82
54
3
-55
-105
-148
-161
-153
-126
-95
-56
1
50
100
127
126
100
66
43
17
-8
-42
-89
-133
-158
-155
-144
-107
-63
-5
44
78
87
72
50
36
17
-19
-65
-114
-156
-178
-188
-181
-157
-108
-63
-32
-12
0
-1
-8
-23
-60
-107
-143
-152
-138
-108
-62
-24
8
42
86
110
107
62
-16
-104
-182
-230
-255
-250
-231
-202
-176
-151
-124
-109
-83
-55
-32
-21
-22
-36
-73
-121
-173
-212
-232
-223
-193
-152
-105
-60
-19
7
36
60
70
71
59
32
-12
-56
-108
-156
-185
-186
-166
-139
-114
-109
-121
-140
-149
-149
-132
-93
-56
-21
-1
5
-12
-39
-62
-76
-78
-70
-64
-80
-99
-118
-132
-142
-147
-133
-119
-92
-75
-78
-102
-124
-121
-106
-74
-43
-31
-41
-63
-82
-93
-91
-79
-58
-31
-7
-4
-26
-53
-80
-92
-91
-65
-44
-30
-32
-45
-58
-89
-98
-101
-85
-66
-45
-30
-36
-48
-66
-77
-69
-55
-56
-64
-80
-98
-107
-98
-69
-29
16
68
107
124
115
84
31
-22
-69
-104
-122
-124
-114
-114
-102
-89
-63
-24
29
84
101
94
58
10
-47
-93
-130
-149
-149
-132
-110
-100
-84
-71
-45
-5
51
103
122
106
36
-54
-138
-191
-215
-217
-189
-153
-113
-77
-44
-18
1
25
41
47
47
39
15
-22
-78
-132
-173
-191
-187
-173
-146
-101
-56
-20
5
15
1
-20
-43
-72
-106
-136
-140
-127
-95
-72
-59
-60
-52
-27
-7
8
4
-21
-59
-81
-112
-135
-143
-129
-99
-73
-50
-47
-38
-15
23
53
62
57
34
10
-22
-52
-82
-102
-96
-81
-57
-28
8
37
63
84
91
92
80
67
41
9
-31
-81
-122
-137
-125
-101
-65
-29
-1
11
18
36
54
82
99
89
54
9
-33
-92
-144
-177
-177
-158
-111
-59
-11
23
35
31
11
-3
-22
-43
-69
-92
-114
-133
-126
-106
-70
-21
26
71
100
120
103
53
-17
-79
-120
-137
-121
-93
-66
-45
-25
-13
2
22
35
42
41
41
23
-2
-37
-79
-112
-131
-125
-122
-103
-78
-56
-50
-49
-39
-30
-19
-2
6
4
5
-2
-28
-59
-85
-103
-112
-110
-104
-95
-85
-71
-59
-67
-73
-98
-121
-141
-160
-175
-191
-181
-156
-116
-68
-22
14
45
75
80
57
8
-33
-64
-87
-108
-145
-187
-211
-205
-190
-154
-101
