-40
-19
-38
-71
-76
-86
-79
-60
-89
-104
-106
-118
-152
-145
-121
-81
-44
-27
-17
-45
-74
-104
-131
-123
-100
-68
-45
-10
26
65
69
87
51
-22
-79
-96
-105
-115
-78
-26
17
44
35
-13
-83
-97
-123
-135
-128
-89
-53
-23
7
16
17
10
16
-8
-24
-30
-53
-60
-68
-31
-16
20
49
49
52
43
-7
-34
-53
-56
-78
-76
-48
-45
-52
-13
18
43
57
45
14
-38
-60
-74
-109
-118
-105
-67
-37
34
64
55
7
-35
-70
-94
-98
-89
-105
-108
-78
-66
-46
-15
22
21
9
9
-33
-76
-105
-102
-104
-93
-73
-56
-13
4
8
-9
-25
-51
-94
-116
-113
-99
-93
-81
-65
-49
-38
-8
-14
-22
-22
-34
-51
-86
-91
-78
-56
-36
-6
14
6
-19
-76
-128
-153
-179
-174
-135
-59
-6
40
80
91
59
14
-31
-48
-64
-70
-49
-66
-48
6
31
40
40
37
3
-33
-60
-80
-71
-45
-5
25
39
38
8
-55
-102
-133
-156
-143
-98
-64
-22
9
22
-14
-5
-15
-64
-115
-160
-173
-179
-174
-156
-94
-68
-29
3
31
48
43
4
-67
-124
-158
-159
-130
-84
-44
-11
18
-11
-61
-81
-102
-100
-99
-76
-69
-65
-73
-78
-93
-87
-80
-85
-76
-64
-55
-71
-66
-66
-72
-62
-83
-82
-76
-93
-92
-111
-141
-143
-126
-107
-69
-36
-25
-38
-50
-73
-102
-92
-62
-29
-6
-8
-38
-67
-69
-76
-85
-81
-72
-69
-69
-41
-31
-40
-73
-48
-44
-51
-49
-25
-1
20
43
46
13
-11
-28
-46
-64
-66
-72
-56
-27
4
10
-2
0
-8
4
7
16
20
49
69
36
-1
-37
-58
-72
-76
-71
-55
-25
20
70
65
41
21
-26
-78
-115
-141
-138
-121
-104
-98
-101
-92
-84
-54
-22
-29
-41
-77
-118
-159
-184
-186
-173
-172
-150
-98
-46
-1
34
39
5
-41
-60
-79
-98
-106
-97
-71
-37
15
33
55
63
45
1
-49
-65
-90
-120
-157
-181
-213
-229
-193
-162
-115
-55
13
42
47
41
5
-38
-62
-73
-98
-102
-80
-79
-83
-66
-38
-14
-11
-28
-43
-57
-52
-73
-92
-118
-139
-158
-152
-113
-82
-53
-35
-23
-32
-32
-16
-8
-13
-13
-25
-31
-45
-23
0
17
19
-22
-64
-91
-109
-124
-121
-101
-61
-13
17
57
48
23
6
-19
-57
-81
-88
-110
-129
-145
-141
-105
-51
-7
30
67
81
41
-17
-88
-130
-170
-179
-141
-75
-26
40
52
3
-70
-88
-101
-122
-148
-151
-138
-101
-60
-33
-21
-17
-27
-17
-5
11
-10
-71
-86
-81
-98
-123
-105
-104
-135
-169
-189
-195
-131
-69
-57
-49
-53
-62
-63
-63
-64
-61
-45
-23
-10
-20
-20
-21
-37
-50
-49
-58
-79
-82
-74
-85
-76
-48
-25
-11
3
-4
-33
-82
-122
-148
-170
-152
-147
-140
-115
-67
-31
-35
-38
-74
-112
-158
-160
-164
-150
-133
-101
-80
-60
-27
-25
-65
-122
-165
-189
-197
-190
-157
-110
-49
25
61
66
36
-35
-105
-168
-203
-198
-177
-121
-77
-42
10
14
-8
-25
-41
-54
-71
-60
-52
-76
-87
-62
-41
-39
3
3
12
33
35
16
-18
-66
-114
-160
-128
-91
-79
-66
-56
-49
-39
-19
4
15
11
28
31
10
7
36
13
-24
-59
-105
-140
-111
-104
-105
-61
-40
4
15
14
30
27
30
34
17
-5
-53
-92
-120
-117
-88
-36
27
71
101
78
64
38
-9
-65
-91
-96
-91
-58
4
37
51
77
74
35
-1
-13
-14
-38
-42
-44
-45
-47
-35
-45
-59
-75
-79
-99
-107
-117
-138
-156
-121
-107
-91
-68
-39
-34
-15
-5
-21
-12
-2
1
-18
-66
-105
-128
-139
-112
-84
-56
-43
-35
-49
-75
-96
-128
-155
-155
-96
-66
-55
-58
-67
-68
-51
-30
-22
-8
6
-7
-23
-29
-38
-43
-50
-48
-59
-79
-95
-106
-141
-175
-180
-161
-128
-81
-30
-17
-18
-16
-4
1
14
20
18
9
-1
-35
-43
-56
-63
-70
-44
-4
41
79
87
70
38
-11
-50
-80
-72
-50
-15
4
4
-12
-46
-58
-49
-66
-99
-96
-90
-76
-66
-43
-25
-9
-6
-17
-32
-60
-92
-115
-120
-96
-52
-7
5
6
-36
-87
-118
-145
-141
-129
-106
-69
-32
35
86
78
36
9
-36
-74
-85
-114
-127
-136
-121
-83
-46
-18
4
-7
-34
-66
-85
-102
-104
-91
-97
-82
-55
-26
9
23
13
-14
-40
-60
-88
-116
-98
-58
-19
37
45
40
9
-25
-68
-118
-139
-142
-142
-127
-90
-48
2
48
86
83
56
33
-13
-37
-52
-51
-41
-27
14
50
51
56
60
36
0
-23
-40
-51
-32
-4
-2
6
32
34
45
43
-1
-70
-121
-148
-166
-146
-76
-12
13
18
7
-23
-48
-80
-112
-128
-108
-87
-55
-27
-15
-16
-26
-5
0
-1
7
4
-9
-62
-87
-70
-44
-15
34
39
23
4
-29
-56
-77
-66
-66
-60
-27
-4
27
24
16
-27
-66
-89
-99
-97
-107
-99
-101
-79
-29
23
36
35
14
-6
-42
-53
-52
-43
-31
0
24
24
8
-42
-120
-167
-173
-183
-171
-137
-94
-77
-67
-38
-54
-71
-54
-37
-4
37
34
1
-39
-58
-70
-93
-96
-68
-48
-42
-30
-39
-60
-68
-56
-64
-72
-33
-18
-30
-46
-86
-117
-122
-93
-73
-37
-12
33
18
-6
-39
-76
-108
-115
-104
-81
-46
10
44
87
97
84
38
-23
-94
-152
-169
-163
-120
-86
-23
29
63
93
104
90
29
-19
-81
-129
-149
-127
-102
-90
-62
-24
17
25
45
55
30
-3
-20
-35
-41
-45
-43
-31
-43
-53
-50
-48
-27
-29
-30
-29
-39
-58
-68
-61
-54
-35
-39
-29
-63
-87
-101
-102
-120
-103
-94
-111
-129
-137
-142
-149
-132
-95
-53
10
52
67
69
63
48
19
-5
-11
-13
-22
-30
-30
-38
-45
-40
-39
-38
-34
-19
-8
9
25
7
-18
-45
-62
-53
-21
5
7
6
-18
-32
-47
-58
-47
-55
-70
-65
-68
-62
-59
-60
-47
-20
16
19
13
27
43
45
36
22
-10
-25
-28
3
15
43
70
71
49
51
24
-21
-52
-61
-60
-28
-9
-12
-27
-42
-47
-68
-69
-43
-22
10
17
-3
-41
-84
-88
-68
-49
-25
11
32
39
60
53
23
-3
-51
-118
-179
-183
-176
-160
-121
-50
-9
15
26
-12
-82
-133
-171
-181
-178
-148
-145
-118
-63
-13
51
84
106
86
59
8
-38
-80
-96
-78
-61
