-47
-99
-103
-58
-21
-4
18
-5
-16
-37
-26
-27
-41
-102
-98
-53
11
26
-2
-2
21
92
93
90
79
21
44
60
-2
-26
-12
-16
-58
-72
-83
-84
-21
40
42
44
48
57
41
30
-7
11
2
15
25
58
58
141
154
102
93
87
42
22
17
22
32
68
81
54
13
9
-35
-38
-33
-27
18
79
102
72
96
131
112
69
49
42
21
50
59
90
76
100
138
123
118
102
57
22
3
49
3
0
64
93
98
122
85
41
91
60
21
-31
-32
-17
-33
22
73
97
90
93
77
45
8
-20
-54
-35
-24
-2
-4
22
52
74
73
73
66
34
51
64
-2
-8
18
21
10
26
18
8
49
45
57
63
51
33
-49
-43
-10
-2
-9
-11
15
43
49
56
25
4
-9
-29
-43
-59
-47
-34
-9
-11
47
29
11
25
-33
-111
-96
-121
-117
-80
-36
19
104
176
190
143
73
-7
-88
-85
-50
8
26
20
108
154
151
101
39
-3
-39
-52
-47
-11
39
86
135
139
164
126
77
12
-21
-53
-55
-22
2
41
63
18
-91
-52
-14
-33
-67
-77
-73
-74
-75
-69
-32
-28
-47
-23
21
22
2
-29
-74
-70
-73
-37
0
27
23
13
18
2
-27
-53
-87
-19
8
23
10
29
34
43
33
28
13
-12
-18
-28
-56
-85
-56
-28
-19
-34
-75
-16
-14
-54
-76
-72
-90
-87
-62
-34
20
73
91
70
43
-9
-65
-90
-143
-46
-1
2
-15
-6
4
-5
-30
-44
-37
-34
-66
-6
-2
-8
-68
-36
-18
58
125
106
101
104
96
74
43
12
51
79
95
92
79
95
136
139
105
45
37
68
64
93
123
125
145
142
79
15
-3
-11
-31
-9
3
7
-9
-2
22
25
-6
-18
-62
-103
-114
-135
-185
-159
-109
-90
-75
-53
-57
-57
-53
-76
-39
-48
-86
-126
-150
-141
-103
-92
-66
-44
-49
-49
-43
-30
-41
-52
-41
-45
-71
-60
-5
26
65
96
42
41
51
47
12
-29
-32
-49
-70
-96
-98
-150
-177
-152
-122
-98
-67
-31
-14
32
67
52
34
-1
-18
-75
-95
-47
-39
-47
-30
-3
46
108
128
77
17
14
-38
-93
-108
-97
-105
-108
-47
-16
54
91
88
51
80
115
93
59
8
27
18
-17
5
39
79
105
84
25
-41
-78
-92
-116
-120
-94
-54
-5
46
46
31
30
7
-59
-105
-91
-114
-143
-134
-119
-60
36
89
106
84
17
-58
-106
-192
-151
-141
-137
-66
10
36
103
123
97
31
27
-29
-105
-137
-159
-140
-101
-41
49
80
78
23
-6
-22
-33
-12
-39
-62
-21
-24
-26
12
-3
-23
-74
-155
-146
-99
-53
-50
-34
-34
-42
-4
42
21
-1
25
24
8
-32
-11
5
44
48
70
92
68
37
1
-2
-23
-46
-16
0
6
-9
0
21
22
30
14
-1
-42
-34
-55
-59
-75
-82
-17
-4
-11
-30
21
47
34
0
-3
-38
-86
-52
-77
-99
-100
-122
-87
-50
-24
-23
-15
-14
14
14
-25
-2
-44
-52
-64
-90
-89
-100
-27
-19
-72
-53
-65
-69
-41
-11
3
-7
56
98
43
-32
-40
-49
-55
-2
49
97
120
82
55
52
7
-46
-135
-83
-13
-21
-25
29
58
58
65
56
53
28
57
62
47
22
71
102
120
112
41
-33
-45
-87
-122
-92
-106
-78
2
84
149
183
192
200
160
99
28
-77
-97
-44
-14
19
108
159
193
209
169
192
158
91
66
52
30
-4
-4
10
11
41
72
53
29
92
126
81
57
41
4
-16
-13
-8
4
-25
-1
-7
-9
-36
-62
-92
-35
-11
2
6
22
-4
15
50
49
61
70
81
53
26
21
-2
-15
-35
-13
30
27
17
25
3
0
-34
-92
-107
-50
-48
-30
6
-7
-24
3
37
32
27
41
47
22
-25
-16
32
5
-9
-14
-44
-46
-51
-14
-26
-28
-32
4
29
39
25
22
4
16
45
50
41
31
102
153
140
168
172
158
120
83
45
-4
-24
-11
32
35
37
86
116
152
169
162
116
58
22
-10
17
39
29
-10
0
6
52
63
69
35
4
5
-11
-55
-64
-48
-45
-30
-34
-4
6
-1
7
-17
-67
-69
-103
-79
-38
-15
13
19
73
104
77
34
28
-5
-42
-66
-83
-91
-87
-78
-76
-69
-70
-37
-53
-69
-73
-74
-100
-98
-108
-118
-81
-50
-19
25
59
43
-11
-23
-39
-76
-105
-91
-50
-16
30
69
65
35
-26
-58
-84
-94
-95
-90
-89
-67
-32
20
74
99
78
38
17
-9
-24
-28
0
-13
2
36
73
70
67
92
64
15
-32
-31
-31
-13
30
65
135
183
153
127
88
31
-41
-99
-129
-116
-83
14
44
59
19
32
2
-5
-24
-85
-71
-51
-59
-54
-40
-7
31
27
57
136
137
82
36
-11
-94
-115
-90
-88
-38
35
60
75
87
40
6
-42
-60
-73
-58
-40
-8
83
113
116
76
56
6
-46
-42
-50
-62
-76
-46
21
64
61
35
-9
-14
-30
-19
-21
8
12
57
65
65
33
14
-10
-14
-40
-101
-130
-103
-67
-61
-8
41
35
35
34
-25
-4
36
29
33
26
34
27
6
15
34
36
26
20
13
-5
-14
21
30
23
38
58
65
94
81
35
10
1
-23
1
6
74
38
29
22
16
-6
8
18
31
22
26
8
51
74
60
50
22
-24
-55
-71
-93
-46
2
39
53
85
45
-34
3
-18
-44
-42
-43
-28
0
-17
-20
-31
41
50
51
82
103
72
38
63
36
3
-18
-23
-36
-51
-64
-18
-13
14
-3
-33
-15
-2
3
21
27
13
13
-14
-24
-94
-90
-73
-73
-75
-11
13
10
9
7
-31
-93
-27
-3
-2
49
89
104
134
171
194
202
176
154
146
114
89
81
64
42
33
45
48
47
61
53
54
83
38
49
43
22
-2
23
79
98
63
24
12
8
-41
-23
-21
-21
-26
-51
-64
-4
-19
-8
25
31
19
-11
13
25
18
39
68
82
99
100
128
127
145
169
129
86
123
127
111
109
111
75
96
112
92
35
-7
5
-42
-42
23
48
67
83
60
9
-45
-36
13
34
59
99
92
73
98
92
70
100
104
58
-27
-92
-92
-70
-51
-26
-26
25
77
97
67
