29
10
-26
-81
-127
-148
-140
-104
-78
-78
-94
-107
-112
-104
-75
-59
-48
-45
-39
-46
-68
-105
-136
-149
-142
-125
-109
-89
-61
-36
-22
-19
-9
-20
-33
-58
-87
-116
-122
-111
-95
-73
-57
-51
-48
-47
-50
-62
-57
-35
-12
-14
-28
-57
-82
-83
-67
-52
-52
-51
-64
-66
-60
-41
-31
-45
-59
-70
-69
-61
-54
-63
-74
-82
-83
-83
-83
-80
-86
-111
-135
-145
-146
-148
-155
-149
-136
-105
-59
-10
18
26
17
-18
-47
-67
-73
-73
-76
-93
-122
-128
-101
-48
13
65
93
83
51
17
-16
-52
-86
-119
-143
-154
-141
-108
-73
-22
17
41
36
8
-30
-55
-56
-54
-60
-86
-112
-124
-114
-73
-35
-5
9
11
0
-14
-24
-37
-47
-52
-50
-64
-69
-60
-38
-8
12
23
14
13
32
56
61
27
-28
-100
-143
-158
-148
-130
-103
-72
-49
-23
4
15
6
-31
-80
-132
-173
-198
-212
-210
-186
-156
-117
-78
-39
-16
-13
-16
-28
-46
-63
-79
-96
-110
-101
-97
-85
-65
-25
19
49
61
46
29
26
44
49
21
-32
-99
-146
-157
-127
-88
-38
4
16
14
0
-14
-48
-79
-107
-119
-115
-103
-82
-71
-55
-33
-7
12
25
19
-7
-35
-57
-70
-86
-90
-91
-91
-81
-65
-47
-42
-41
-58
-78
-91
-81
-59
-43
-40
-68
-100
-117
-107
-80
-54
-21
-6
0
-4
-1
2
0
-5
-22
-44
-75
-85
-93
-80
-55
-32
-18
-22
-36
-48
-49
-36
-33
-49
-73
-90
-106
-106
-100
-86
-70
-47
-11
8
21
20
14
3
-6
-28
-60
-91
-97
-91
-81
-62
-41
-14
4
12
3
-27
-55
-91
-110
-119
-121
-130
-140
-120
-82
-34
13
36
34
13
9
14
17
0
-30
-69
-90
-77
-43
-12
11
25
9
-11
-27
-33
-33
-27
-29
-45
-52
-48
-30
-21
-20
-15
-25
-30
-32
-28
-29
-44
-71
-113
-136
-138
-132
-122
-116
-104
-91
-64
-53
-64
-110
-145
-151
-129
-90
-61
-54
-60
-48
-37
-18
-10
-11
-7
1
24
22
-7
-52
-83
-100
-100
-82
-55
-35
-23
-33
-60
-79
-72
-61
-64
-98
-141
-179
-173
-125
-67
-20
12
34
45
60
66
50
14
-32
-76
-117
-134
-123
-97
-67
-41
-22
-15
-9
-1
8
13
17
20
5
-34
-88
-135
-155
-129
-87
-49
-21
-1
8
12
15
5
-12
-36
-53
-77
-115
-139
-153
-140
-107
-57
-19
0
3
-6
-20
-36
-55
-89
-118
-126
-120
-106
-91
-73
-52
-25
5
20
26
23
35
33
20
5
-9
-8
7
34
42
42
20
-15
-47
-50
-19
5
14
1
-20
-40
-47
-47
-45
-27
3
33
42
39
15
-12
-24
-26
-29
-46
-59
-79
-87
-76
-45
-19
-6
2
1
-8
-26
-48
-84
-109
-113
-111
-115
-123
-126
-125
-114
-96
-93
-98
-99
-84
-69
-52
-40
-26
-20
-16
-21
-40
-51
-57
-57
-44
-28
-20
-30
-54
-67
-67
-63
-58
-66
-93
-120
-116
-82
-28
14
26
14
6
13
25
29
30
17
-7
-38
-59
-72
-75
-51
-39
-30
-32
-42
-48
-49
-39
-34
-32
-33
-34
-46
-63
-81
-102
-108
-86
-38
-2
8
-15
-40
-44
-24
-7
-29
-70
-105
-121
-116
-104
-89
-86
-77
-67
-67
-81
-98
-108
-118
-125
-133
-146
-154
-139
-105
-72
-61
-77
-110
-143
-138
-115
-93
-79
-80
-89
-100
-89
-74
-64
-61
-65
-69
-85
-102
-136
-166
-182
-180
-167
-156
-139
-135
-134
-130
-111
-92
-80
-70
-77
-93
-115
-134
-156
-155
-134
-109
-90
-79
-62
-56
-44
-31
-23
-37
-60
-83
-99
-91
-77
-66
-70
-71
-59
-47
-22
-1
15
20
18
9
-15
-33
-47
-39
-26
-4
4
2
-1
-8
-25
-62
-82
-100
-102
-100
-88
-75
-74
-64
-65
-55
-44
-30
-29
-35
-31
-32
-39
-47
-39
-24
-9
2
1
-7
-19
-14
-16
-10
-19
-45
-77
-101
-119
-144
-158
-153
-120
-76
-30
17
24
25
9
-17
-56
-90
-98
-74
-27
9
15
-6
-24
-26
-13
5
14
-1
-32
-46
-50
-47
-39
-28
-17
-9
-6
-14
-33
-37
-39
-32
-27
-23
-46
-75
-94
-82
-50
-23
-3
-10
-30
-41
-29
-11
2
0
-22
-45
-53
-45
-44
-54
-70
-85
-86
-73
-39
-28
-23
-19
-22
-16
-12
1
-3
-11
-36
-66
-100
-117
-109
-86
-58
-47
-50
-59
-31
14
44
49
31
5
-33
-59
-97
-132
-141
-120
-65
-9
32
21
-18
-62
-77
-74
-70
-71
-96
-126
-146
-147
-134
-107
-63
-26
0
15
29
31
30
24
6
-28
-71
-107
-147
-165
-163
-142
-118
-87
-48
-26
-7
3
-2
-11
-17
-7
-13
-36
-75
-114
-145
-147
-126
-88
-37
9
42
57
70
66
51
26
-2
-40
-96
-143
-176
-177
-137
-77
-26
-6
-3
-23
-47
-74
-90
-100
-101
-85
-68
-54
-50
-48
-43
-27
-8
-12
-40
-73
-87
-88
-79
-88
-114
-131
-125
-89
-58
-40
-47
-78
-115
-135
-128
-123
-105
-90
-76
-61
-52
-38
-22
10
47
59
27
-31
-89
-132
-142
-125
-96
-73
-56
-52
-48
-37
-9
12
6
-19
-67
-104
-117
-102
-83
-82
-79
-83
-76
-61
-38
-20
-13
-24
-57
-95
-110
-94
-68
-47
-40
-34
-16
11
43
63
80
86
65
23
-23
-50
-59
-46
-23
5
34
65
91
86
56
15
-15
-48
-65
-83
-101
-99
-87
-66
-40
-8
11
6
-17
-45
-67
-87
-92
-98
-109
-115
-107
-81
-44
6
20
-9
-59
-93
-94
-76
-49
-40
-46
-62
-66
-75
-72
-46
-24
-3
-9
-38
-73
-92
-85
-69
-66
-80
-101
-124
-121
-89
-43
-15
-14
-35
-68
-84
-75
-50
-38
-34
-50
-73
-78
-54
-17
12
23
11
-31
-70
-92
-88
-79
-58
-51
-53
-60
-56
-53
-59
-65
-84
-104
-116
-114
-106
-88
-52
-24
-3
-1
-4
-12
-30
-47
-78
-105
-123
-123
-111
-83
-44
-19
-19
-37
-55
-61
-58
-60
-87
-131
-162
-156
-127
-82
-41
-26
-29
-41
-45
-49
-41
-28
-29
-50
-89
-128
-162
-175
-167
-136
-105
-79
-70
-64
-54
-35
-17
-22
-37
-78
-122
-156
-157
-136
-109
-71
-45
-32
-27
-33
-51
-76
-101
-137
-174
-191
-168
-110
-37
30
60
53
27
6
-25
-60
-100
-137
-163
-168
-150
-125
-86
-42
-4
22
40
50
29
-10
-64
-114
-143
-149
-131
-114
-85
-51
-20
0
17
49
82
106
96
42
-42
-105
