-121
-110
-138
-203
-231
-283
-293
-313
-447
-585
-449
157
797
1009
731
-95
-980
-1370
-1419
-1220
-912
-707
-506
-295
-137
-41
-47
-65
-4
53
61
7
-60
-45
-35
-102
-164
-235
-293
-297
-368
-419
-450
-496
-472
-525
-593
-634
-692
-662
-681
-749
-738
-764
-774
-790
-899
-910
-886
-876
-807
-783
-746
-716
-752
-801
-886
-960
-958
-926
-820
-552
-48
711
1292
1253
745
201
-238
-639
-895
-994
-910
-635
-298
-35
120
247
336
443
631
769
791
761
781
890
870
728
654
640
693
614
455
436
417
424
393
255
219
213
205
208
116
66
65
46
57
2
-68
-55
-66
-89
-133
-173
-148
-178
-226
-238
-267
-283
-335
-408
-440
-545
-693
-820
-879
-668
-258
226
684
788
624
415
300
595
1076
1312
1347
1084
468
-153
-566
-643
-422
-143
126
288
410
584
676
762
828
842
879
853
837
857
779
707
665
622
618
515
427
426
371
327
247
185
197
138
77
47
-3
-14
-41
-103
-116
-151
-179
-173
-213
-232
-260
-299
-285
-307
-337
-332
-358
-352
-345
-383
-348
-326
-324
-297
-334
-354
-392
-510
-644
-835
-930
-780
-463
-48
266
390
386
238
241
624
1161
1542
1512
1106
518
-177
-741
-949
-885
-584
-225
43
273
442
637
783
831
926
947
851
835
840
825
776
648
628
628
554
482
403
377
341
253
182
134
95
73
33
-16
-37
-79
-74
-80
-146
-171
-193
-194
-177
-223
-246
-239
-270
-285
-331
-362
-346
-384
-356
-339
-355
-335
-399
-418
-429
-463
-437
-480
-560
-650
-804
-911
-898
-773
-490
-144
151
307
223
43
16
352
911
1273
1304
1021
490
-74
-574
-898
-885
-642
-370
-52
267
520
757
861
897
956
905
824
762
720
706
614
517
527
509
467
371
264
304
260
198
141
66
94
31
-24
-52
-138
-177
-243
-300
-308
-354
-372
-361
-409
-423
-432
-451
-461
-530
-568
-577
-574
-601
-676
-717
-723
-702
-700
-715
-740
-743
-741
-798
-862
-975
-1056
-1000
-854
-573
-230
64
267
239
35
-162
-199
220
779
1063
1174
888
352
-144
-683
-931
-863
-680
-394
-151
168
472
654
875
961
977
986
855
797
772
671
585
459
412
402
303
237
193
189
166
84
43
40
48
10
-27
-65
-92
-44
-143
-378
-513
-624
-660
-639
-684
-732
-772
-762
-767
-819
-820
-845
-858
-839
-871
-855
-870
-913
-867
-887
-880
-876
-954
-927
-1004
-1158
-1231
-1299
-1202
-993
-725
-340
-94
-60
-189
-455
-560
-307
263
789
971
856
444
-60
-467
-806
-854
-690
-538
-306
-66
175
447
657
801
896
915
857
787
743
728
653
538
490
480
448
378
299
269
267
197
143
106
66
68
9
-18
-48
-117
-121
-163
-205
-228
-274
-251
-220
-254
-369
-483
-507
-554
-570
-549
-581
-594
-588
-595
-553
-533
-558
-591
-652
-669
-675
-684
-694
-686
-702
-789
-863
-943
-899
-763
-581
-276
-71
-8
-90
-269
-237
137
724
1149
1198
1027
636
172
-91
-356
-459
-280
-222
22
327
428
650
786
938
1105
1056
1017
953
882
903
788
678
675
596
571
470
378
393
311
279
229
191
202
142
113
82
26
-2
-26
-59
-83
-119
-147
-123
-142
-190
-205
-222
-223
-239
-287
-299
-314
-337
-327
-360
-367
-368
-413
-397
-422
-449
-441
-472
-440
-430
-460
-473
-553
-643
-706
-710
-592
-435
-228
-6
55
-6
-119
-125
283
924
1326
1405
1202
717
209
-168
-461
-555
-440
-284
-94
161
421
661
896
1092
1188
1209
1120
1050
1050
977
894
796
712
710
654
561
515
450
428
386
289
261
211
171
143
44
0
-37
-78
-80
-136
-175
-178
-212
-231
-261
-294
-265
-274
-299
-308
-337
-322
-328
-364
-371
-378
-374
-359
-384
-396
-386
-394
-378
-400
-416
-406
-449
-482
-536
-640
-693
-693
-607
-404
-155
62
81
-65
-184
-139
288
915
1265
1302
1075
629
219
-167
-454
-463
-356
-196
76
289
489
762
959
1143
1233
1206
1150
1062
1056
999
854
760
684
655
606
479
452
438
389
363
254
229
223
146
135
54
-5
-13
-87
-106
-149
-210
-193
-218
-250
-273
-323
-309
-308
-351
-365
-400
-405
-392
-419
-403
-395
-409
-405
-437
-460
-455
-473
-467
-461
-489
-485
-533
-626
-734
-897
-944
-871
-708
-408
-134
65
123
-38
-148
34
540
1122
1369
1306
960
407
15
-338
-569
-478
-354
-154
105
328
609
819
992
1191
1234
1215
1180
1112
1133
1058
937
888
831
811
736
616
567
542
487
427
342
283
265
193
143
87
14
-1
-56
-116
-152
-216
-216
-207
-259
-273
-303
-316
-303
-361
-377
-379
-398
-379
-413
-430
-413
-428
-407
-418
-443
-429
-451
-450
-434
-468
-479
-499
-566
-617
-713
-809
-819
-767
-609
-394
-221
-180
-333
-529
-530
-199
456
1002
1077
925
617
154
-173
-418
-644
-626
-440
-228
-35
166
409
619
898
1121
1164
1136
1043
996
983
845
708
611
534
519
408
320
303
248
254
176
78
69
19
-1
-44
-133
-148
-146
-160
-160
-222
-255
-248
-299
-311
-357
-383
-350
-382
-410
-427
-451
-443
-445
-480
-471
-482
-484
-453
-483
-453
-423
-414
-349
-344
-346
-327
-385
-449
-531
-672
-724
-704
-564
-278
3
250
309
156
-26
-60
302
905
1302
1442
1312
874
397
-28
-390
-509
-385
-297
-204
36
303
601
869
1085
1198
1195
1129
1037
1004
955
855
740
658
611
552
419
343
334
285
258
160
137
152
71
32
-58
-107
-110
-180
-210
-256
-314
-301
-323
-353
-342
-377
-364
-361
-414
-418
-442
-440
-421
-461
-471
-465
