-58
-78
-83
-69
-31
-4
10
9
1
-10
-22
-34
-48
-54
-46
-39
-36
-30
-16
-1
20
38
44
25
8
-16
-33
-45
-46
-45
-54
-51
-53
-56
-46
-23
7
27
41
34
19
3
-9
-21
-27
-18
-5
1
-6
-11
-21
-25
-27
-29
-41
-45
-38
-31
-20
-3
16
35
49
60
50
36
20
0
-29
-54
-64
-66
-43
-8
15
14
10
7
2
1
-16
-26
-44
-51
-46
-44
-35
-15
11
31
46
42
30
21
20
30
35
44
32
13
0
-2
10
13
32
33
25
25
39
50
45
25
-5
-25
-38
-43
-48
-47
-33
-13
6
27
51
61
71
77
71
71
49
6
-29
-72
-98
-106
-98
-69
-22
27
54
61
64
62
43
11
-26
-72
-106
-127
-137
-129
-98
-61
-19
15
46
70
64
57
30
-11
-59
-107
-149
-173
-158
-125
-81
-36
8
38
50
57
44
23
-2
-10
-21
-27
-32
-40
-41
-15
26
65
87
96
91
67
35
6
-32
-57
-76
-81
-73
-45
2
55
110
151
162
137
92
41
-15
-62
-102
-133
-157
-153
-128
-89
-40
19
75
117
151
154
124
70
6
-46
-82
-90
-79
-46
3
54
98
125
143
136
113
75
40
-5
-45
-70
-88
-97
-94
-69
-24
32
92
110
88
41
-6
-49
-78
-97
-100
-96
-80
-51
-24
-2
23
32
21
7
-18
-56
-85
-106
-123
-139
-142
-133
-120
-104
-95
-92
-94
-92
-100
-117
-141
-154
-163
-172
-167
-162
-156
-144
-130
-120
-107
-75
-55
-33
-34
-43
-75
-117
-155
-189
-210
-211
-184
-144
-95
-40
5
21
15
-3
-26
-44
-55
-71
-80
-87
-75
-67
-50
-29
-21
-11
-19
-9
-5
8
25
35
42
54
68
68
64
45
30
4
-13
-28
-45
-37
-19
-2
4
17
17
22
28
50
70
74
69
43
20
11
27
49
69
91
98
90
83
79
69
54
41
18
1
-11
-3
5
30
53
69
74
69
63
42
18
4
-9
-18
-32
-36
-43
-28
-9
11
17
21
25
30
30
20
4
-20
-43
-59
-67
-60
-30
7
33
56
54
39
27
18
7
-12
-29
-39
-34
-11
24
61
91
119
144
165
180
177
144
97
52
9
-5
-2
23
45
69
89
94
77
44
28
27
55
89
113
96
69
35
-1
-22
-32
-23
-13
11
42
65
90
106
113
97
82
58
28
1
-21
-26
-26
-4
10
18
21
30
43
44
50
43
29
8
-15
-35
-45
-28
-14
7
37
72
96
101
96
82
66
48
29
-7
-52
-86
-108
-110
-85
-56
-34
-25
-17
3
26
41
50
23
-1
-26
-36
-52
-56
-42
-27
-7
9
18
32
68
97
101
81
55
41
22
2
-26
-41
-40
-17
12
34
61
74
79
70
51
22
-23
-57
-86
-101
-91
-64
-39
-24
-3
5
4
-2
-10
-23
-28
-28
-26
-22
-18
-13
-14
0
22
47
49
39
15
-9
-25
-19
-5
5
4
-4
-29
-37
-27
-12
-10
-13
-19
-24
-19
-9
6
19
36
46
41
27
27
35
33
21
-9
-45
-68
-67
-50
-33
-15
-2
14
35
63
78
62
30
-24
-81
-118
-116
-100
-67
-29
9
37
53
63
51
30
-15
-71
-130
-173
-168
-152
-112
-67
-28
-4
19
36
34
21
-13
-51
-99
-139
-163
-176
-170
-150
-120
-85
-47
-16
13
30
29
5
-48
-90
-119
-125
-116
-86
-58
-38
-21
-19
-17
-7
7
1
-26
-60
-90
-105
-103
-84
-66
-53
-36
-17
-3
9
22
19
18
5
-16
-47
-81
-95
-103
-95
-77
-62
-52
-35
1
42
78
96
82
29
-25
-70
-98
-91
-66
-43
-35
-30
-25
-8
9
34
65
81
87
52
-1
-55
-89
-102
-101
-75
-50
-27
-1
14
29
33
48
56
48
22
-10
-40
-51
-45
-35
-11
13
36
42
40
30
40
57
70
70
37
2
-16
-29
-40
-43
-29
-15
7
30
46
49
44
31
12
-1
-16
-26
-44
-50
-56
-54
-35
-9
25
46
64
63
47
7
-33
-75
-98
-94
-88
-74
-58
-23
10
42
68
74
57
27
-1
-21
-33
-30
-27
-17
-9
12
23
31
28
11
-11
-30
-39
-43
-34
-9
8
16
22
25
26
34
41
28
2
-18
-25
-21
-15
-2
3
-3
-7
-1
15
45
72
83
71
55
25
-4
-20
-24
-15
-13
-7
0
8
31
58
66
42
15
-15
-25
-23
-22
-21
-12
20
54
82
95
104
92
60
25
-2
-7
10
31
24
16
18
36
54
63
64
59
54
39
-6
-65
-100
-96
-83
-61
-34
4
41
75
88
78
64
66
71
58
36
-5
-39
-50
-41
-29
-24
-3
39
83
127
148
131
86
33
-25
-70
-94
-93
-84
-73
-60
-49
-40
-36
-32
-28
-13
20
50
69
61
35
-20
-72
-111
-134
-150
-153
-137
-116
-75
-30
13
43
56
60
45
23
-3
-26
-61
-80
-93
-107
-106
-91
-60
-22
26
67
82
72
46
10
-27
-46
-66
-76
-84
-83
-85
-76
-44
-2
37
64
73
51
14
-11
-27
-31
-31
-23
-26
-30
-17
1
22
26
24
4
-5
-14
-19
-26
-26
-17
-9
-4
7
15
17
22
24
17
6
-5
-18
-26
-26
-25
-33
-30
-9
27
50
68
63
40
12
-13
-32
-41
-30
-21
-12
5
39
83
114
123
94
47
4
-25
-42
-44
-28
-14
-4
-2
12
20
26
31
22
20
29
51
74
91
104
99
84
65
63
52
42
22
2
-13
-23
-17
-13
0
17
37
46
54
53
37
19
16
16
13
15
18
22
35
42
40
28
30
39
51
67
80
85
66
34
-10
-53
-72
-74
-64
-53
-25
-1
12
16
22
31
45
70
78
64
25
-22
-62
-78
-64
-39
-14
-4
7
-4
-1
15
25
23
8
-9
-40
-50
-45
-38
-38
-48
-48
-51
-46
-43
-39
-44
-46
-59
-76
-89
-86
-69
-50
-19
-11
-19
-25
-33
-37
-51
-55
-60
-56
-36
-1
31
43
53
47
38
32
22
-1
-47
-87
-114
-121
-111
-81
-42
13
72
106
110
90
77
56
44
33
26
21
27
42
49
65
76
90
90
89
73
31
-10
-47
-55
-53
-32
-4
24
59
99
124
127
123
116
105
79
41
-9
-55
-72
-71
-54
-31
-1
34
64
97
103
94
73
48
