-53
-15
11
38
35
48
65
72
44
-2
-49
-67
-62
-32
-16
-21
-36
-33
-11
28
69
83
60
13
-26
-52
-57
-45
-40
-27
1
43
71
82
100
86
50
-11
-53
-87
-112
-121
-115
-81
-33
23
60
89
112
145
181
220
232
203
141
75
17
-20
-27
-6
18
47
68
90
122
167
200
195
133
36
-58
-119
-124
-122
-120
-99
-55
5
56
86
91
67
53
62
92
120
120
81
20
-52
-95
-125
-120
-80
-26
39
97
139
133
102
74
50
25
-13
-46
-70
-63
-41
-19
4
22
53
67
88
94
88
59
31
26
20
17
0
-28
-49
-52
-30
-17
-21
-35
-61
-89
-107
-111
-98
-76
-43
-19
-19
-5
9
29
49
81
106
117
105
106
92
77
41
-9
-69
-121
-142
-141
-111
-57
22
92
151
176
166
113
54
-4
-42
-54
-47
-25
-3
10
21
40
94
169
229
251
242
226
162
88
7
-63
-120
-141
-136
-99
-54
-7
37
75
126
172
188
169
108
31
-43
-83
-82
-52
-12
16
28
21
14
8
28
68
100
106
80
47
12
-12
-29
-3
25
58
82
98
124
156
170
141
91
27
-38
-103
-151
-170
-173
-162
-118
-60
4
57
97
117
129
136
119
84
27
-36
-97
-126
-112
-70
-24
25
73
98
100
92
83
76
64
16
-42
-94
-119
-125
-121
-76
-24
20
57
62
44
20
6
25
44
41
18
-20
-47
-66
-90
-107
-99
-57
-7
43
98
120
111
77
32
-10
-50
-81
-87
-78
-52
-6
29
52
48
35
18
13
40
51
57
44
3
-36
-62
-66
-42
-11
24
57
81
114
144
153
145
119
75
-2
-47
-90
-93
-81
-55
-24
12
51
81
96
112
135
146
131
92
20
-48
-97
-120
-114
-83
-43
-19
-29
-30
3
61
127
168
156
80
-11
-77
-122
-135
-123
-88
-46
-14
5
4
11
21
39
57
64
83
93
111
123
114
79
38
13
-4
-3
-7
-16
-45
-65
-67
-69
-56
-48
-55
-63
-63
-54
-46
-27
8
37
44
29
3
-21
-41
-56
-73
-55
-19
22
36
24
-13
-66
-115
-119
-99
-76
-85
-105
-128
-116
-88
-74
-49
-33
-1
5
3
3
10
21
37
53
53
55
56
64
57
35
19
7
24
63
96
103
78
54
37
44
50
50
28
4
-12
-30
-12
22
56
88
103
86
31
-44
-104
-125
-118
-82
-54
-35
-16
1
39
84
143
177
195
175
125
53
-29
-77
-95
-93
-81
-61
-33
11
60
91
95
98
107
120
104
50
-27
-110
-153
-157
-149
-110
-66
-10
33
61
73
63
51
48
31
12
-25
-49
-75
-80
-69
-48
-27
4
33
43
30
2
-29
-54
-50
-41
-19
-1
18
48
69
103
106
80
45
-5
-38
-43
-17
8
10
-11
-15
-11
-7
10
16
31
51
71
66
46
20
4
-7
1
7
11
15
26
40
46
43
34
12
-11
-29
-33
-28
-19
1
20
45
80
86
75
51
27
4
-10
-32
-28
-33
-1
21
28
24
27
43
38
27
-8
-31
-29
-10
3
-1
-9
-23
-28
-16
0
0
12
14
33
33
43
60
74
87
92
79
55
22
-11
-44
-48
-47
-31
-17
2
36
53
57
40
8
-21
-47
-61
-91
-92
-79
-55
-22
4
37
52
60
66
71
52
27
-14
-67
-106
-117
-101
-66
5
78
125
146
131
88
45
3
-41
-85
-128
-150
-160
-134
-80
-20
34
77
119
139
149
142
114
50
-10
-63
-107
-135
-136
-107
-47
19
73
113
145
168
186
176
151
115
46
-19
-92
-134
-140
-113
-58
9
75
129
164
182
197
198
166
117
69
33
-5
-23
-32
-39
-43
-34
12
64
134
156
135
122
94
70
19
-37
-85
-113
-120
-92
-47
17
84
116
114
72
41
2
-23
-55
-96
-128
-146
-136
-116
-76
-37
0
23
29
27
14
-9
-34
-69
-108
-130
-135
-143
-120
-79
-27
10
10
4
-13
-9
5
5
-12
-41
-49
-56
-57
-66
-78
-78
-47
-8
24
26
10
9
-6
-12
-42
-78
-95
-81
-57
-12
48
108
167
192
177
107
36
3
-12
-4
-6
-7
-7
-6
15
46
81
121
147
148
161
152
136
86
0
-81
-160
-182
-153
-88
-27
15
65
84
104
117
119
111
117
87
28
-56
-133
-171
-166
-122
-80
-28
28
80
106
107
101
77
60
68
77
82
50
27
5
-6
-23
-29
-25
-8
32
48
33
5
-23
-53
-84
-88
-78
-54
-37
-16
-3
4
2
6
-5
-27
-43
-72
-75
-63
-51
-34
-15
35
69
98
90
56
-11
-63
-117
-168
-190
-186
-127
-48
28
76
86
83
67
38
24
28
42
41
9
-32
-87
-132
-144
-121
-64
-3
51
82
96
125
126
97
18
-67
-134
-164
-153
-126
-98
-79
-72
-78
-70
-32
4
41
66
87
52
-25
-123
-202
-236
-217
-158
-98
-29
32
102
161
194
182
105
-7
-108
-196
-233
-255
-222
-178
-109
-47
0
26
46
60
51
51
58
48
39
-4
-39
-77
-97
-101
-66
-25
28
68
73
76
74
69
57
26
-39
-104
-153
-179
-164
-144
-94
-59
-39
-18
20
61
89
90
54
-3
-74
-120
-155
-151
-126
-104
-93
-84
-54
-5
57
116
131
93
23
-28
-64
-79
-96
-109
-124
-126
-106
-89
-61
-29
-1
26
68
87
80
52
17
-9
-25
-44
-72
-97
-95
-64
-17
36
84
90
63
19
-8
-45
-92
-132
-163
-162
-136
-78
-27
12
24
30
32
42
50
39
36
27
15
-1
-12
-20
-36
-23
-7
13
40
60
98
116
102
56
-15
-93
-150
-189
-217
-202
-149
-71
9
73
105
98
55
24
-1
-24
-37
-50
-67
-78
-78
-70
-56
-38
-37
-10
41
110
160
169
147
103
35
-42
-108
-137
-121
-67
-15
35
81
123
163
178
158
85
-22
-111
-160
-174
-148
-112
-66
-26
14
87
133
171
182
153
106
49
5
-41
-80
-104
-116
-96
-58
0
44
95
118
108
75
49
33
-6
-51
-108
-149
-153
-121
-70
-4
47
95
119
134
152
141
92
21
-54
-108
-136
-132
-116
-98
-67
-30
1
28
70
96
127
139
141
112
72
23
-20
-58
-76
-58
-15
36
76
85
76
68
75
86
89
64
21
-26
-56
-77
