7
17
4
-17
-35
-41
-46
-45
-35
-35
-42
-52
-52
-51
-41
-30
-25
-20
-19
-12
-34
-57
-85
-98
-99
-81
-50
-27
-8
10
15
10
4
-1
-13
-5
0
16
16
6
-4
-14
-14
-3
8
24
46
62
54
32
7
-8
-14
0
8
10
5
6
8
15
24
25
22
17
13
3
-12
-9
-10
1
12
32
36
33
27
16
1
-7
-4
-2
13
29
34
30
17
9
-4
-1
4
9
3
0
1
-12
-21
-24
-12
9
34
54
61
63
58
44
26
18
25
39
60
76
82
74
74
63
44
23
12
18
28
36
51
56
57
51
53
59
65
80
80
71
59
46
29
9
1
-8
-11
-11
-3
4
20
40
56
68
75
83
75
64
47
34
22
20
25
23
31
38
43
34
26
26
21
28
38
51
55
52
42
24
12
14
17
21
30
30
20
6
4
3
6
17
22
21
18
19
21
15
8
-18
-38
-47
-41
-29
-12
10
16
17
10
12
5
2
3
3
8
9
13
3
-8
-13
-10
1
13
24
24
25
31
33
31
24
16
7
1
-3
-7
-18
-25
-22
-22
-10
0
8
15
29
59
87
109
103
67
9
-43
-96
-136
-151
-133
-96
-65
-38
-22
2
43
101
142
153
158
141
113
57
-4
-60
-95
-109
-118
-124
-124
-108
-85
-53
-6
33
61
81
89
75
48
20
-2
-12
-14
-22
-38
-43
-36
-24
-1
24
61
85
103
102
78
35
-13
-42
-63
-61
-49
-29
-11
3
8
-4
-16
-19
-20
-10
2
9
2
-12
-23
-27
-33
-22
-11
-11
-12
-15
-18
-17
-12
-12
-11
-9
-8
-22
-39
-45
-39
-27
-25
-21
-25
-18
5
30
40
35
18
-9
-35
-53
-68
-80
-82
-68
-49
-16
12
35
40
37
37
26
18
13
3
-13
-35
-52
-70
-74
-61
-39
-17
6
23
30
38
45
42
23
-1
-29
-52
-63
-54
-41
-28
3
23
56
66
55
24
-17
-21
-21
-12
0
6
-5
-38
-64
-81
-81
-61
-26
1
29
51
59
53
37
18
-12
-33
-44
-47
-43
-24
4
27
48
60
63
62
61
64
50
33
14
-13
-50
-84
-104
-108
-88
-57
-26
-6
17
39
52
65
74
70
56
41
10
-28
-62
-88
-108
-122
-115
-97
-70
-45
-16
6
19
39
49
56
63
73
66
46
23
-3
-32
-56
-71
-77
-64
-50
-46
-52
-58
-55
-54
-45
-26
2
30
54
66
42
2
-41
-76
-95
-91
-68
-45
-21
-17
-24
-33
-32
-3
20
45
68
78
75
69
47
22
4
-2
-3
-7
-9
-22
-35
-43
-30
-6
17
45
56
53
47
54
60
53
37
8
-10
-14
-5
3
9
27
53
76
84
81
63
47
32
16
7
16
47
76
104
118
116
100
76
60
39
25
9
-14
-26
-35
-30
-34
-27
-9
22
58
96
115
111
90
62
33
-4
-27
-49
-65
-81
-96
-106
-106
-73
-24
42
115
181
215
212
186
144
107
80
63
42
18
7
-1
7
16
36
56
84
123
154
158
139
103
47
-8
-47
-67
-71
-69
-58
-54
-35
-18
1
10
21
35
41
36
15
-21
-64
-103
-125
-142
-137
-114
-79
-48
-9
22
57
89
112
117
106
91
65
-116
-133
-142
-130
-84
-13
55
97
115
96
61
18
-14
-29
-36
-36
-41
-51
-56
-51
-46
-29
13
61
103
118
103
54
3
-32
-56
-71
-81
-85
-96
-101
-98
-91
-73
-39
14
62
99
106
88
58
30
-3
-51
-96
-127
-135
-128
-103
-76
-58
-39
-14
21
59
108
150
184
201
196
166
105
37
-38
-93
-117
-105
-80
-59
-38
-27
-20
-11
-1
5
7
7
-11
-36
-55
-56
-50
-32
-7
14
19
7
-8
-40
-71
-90
-104
-107
-93
-71
-66
-64
-72
-74
-64
-46
-13
3
23
34
31
6
-30
-58
-79
-75
-55
-26
-6
22
35
35
36
43
51
43
31
12
10
13
27
33
28
29
24
27
36
49
54
54
58
55
40
21
7
-8
-12
-10
-14
-14
-9
-1
3
10
23
35
41
47
53
57
66
69
55
33
7
-4
-12
-1
16
36
45
52
53
52
53
63
73
77
84
91
88
82
67
41
7
-17
-32
-25
-8
25
44
47
52
51
54
61
73
73
59
51
35
19
4
2
10
33
74
110
135
147
140
106
65
32
5
-10
-16
-14
-18
-25
-30
-21
-10
16
57
84
102
93
65
33
11
6
8
11
8
-11
-37
-52
-45
-30
11
70
128
160
153
104
29
-39
-71
-69
-55
-17
6
9
-3
-16
-11
15
67
113
142
144
117
67
8
-41
-81
-99
-97
-83
-77
-76
-64
-49
-27
-3
42
69
89
93
83
70
52
23
-31
-87
-130
-153
-161
-158
-139
-125
-103
-81
-63
-41
-12
27
54
74
83
81
54
19
-21
-64
-97
-120
-127
-115
-77
-31
5
27
37
28
3
-8
-13
-11
-7
-10
-14
-23
-26
-38
-44
-36
-20
-10
-14
-23
-46
-73
-96
-103
-102
-88
-60
-35
-15
-1
7
6
4
-3
-17
-41
-65
-82
-103
-99
-78
-51
-30
-18
3
9
18
25
33
36
39
38
24
17
8
-1
-11
-22
-32
-45
-46
-35
-18
-1
20
40
72
106
134
134
103
64
17
-19
-37
-30
-16
-18
-21
-33
-37
-23
4
35
71
105
119
116
95
74
33
-2
-23
-27
-11
12
40
54
61
69
74
74
69
64
43
21
-13
-53
-88
-93
-68
-43
-17
15
50
89
121
140
135
121
110
93
68
33
-1
-43
-70
-74
-58
-33
-9
6
25
53
91
123
128
121
95
69
57
52
45
28
17
-2
-20
-34
-27
-8
12
49
77
88
67
22
-40
-86
-105
-109
-99
-86
-65
-53
-44
-48
-68
-101
-113
-82
-23
50
104
112
84
45
15
-12
-32
-39
-42
-41
-37
-37
-47
-61
-78
-85
-85
-71
-58
-54
-49
-47
-39
-30
-7
2
4
-9
-16
-27
-41
-34
-27
-16
-7
-4
-13
-31
-46
-59
-76
-88
-87
-77
-58
-34
-16
6
34
59
73
78
77
67
44
12
-14
-40
-51
-53
-58
-63
-58
-37
-14
12
30
31
16
-5
-8
-7
11
24
30
19
23
29
28
14
-8
-30
-47
-38
-20
-6
21
