27
4
1
19
43
57
54
40
19
25
49
74
90
92
94
93
97
96
83
75
67
66
55
55
52
61
84
117
143
163
178
178
154
126
95
76
66
52
46
22
14
16
48
89
125
151
145
135
122
101
67
26
-9
-29
-19
18
44
69
78
74
72
64
74
65
62
54
44
44
35
24
39
30
36
56
84
105
107
101
67
31
14
18
45
64
81
78
75
70
67
65
72
65
51
34
33
32
42
68
98
95
84
61
60
51
49
17
-11
-27
-19
0
10
23
27
37
42
44
34
17
16
20
25
32
39
35
26
31
29
27
23
22
16
28
41
56
75
108
134
136
116
78
39
6
-15
-19
-19
-21
-12
-3
5
30
48
62
74
73
68
54
58
52
41
37
35
27
23
25
35
51
54
59
45
31
15
-10
-23
-37
-47
-50
-61
-58
-55
-51
-34
-4
22
50
70
74
53
20
6
-4
4
25
46
67
102
143
158
170
157
133
101
82
73
67
65
60
51
41
48
55
58
35
24
27
43
52
49
35
41
57
72
71
60
41
32
38
60
77
88
95
104
100
99
86
73
59
59
49
33
23
23
33
43
56
57
47
32
22
19
18
13
14
12
12
15
2
7
17
42
64
76
77
68
58
53
48
33
19
15
6
32
62
87
85
75
66
70
76
75
65
43
32
36
40
44
43
38
28
35
51
65
71
65
44
14
2
5
22
48
71
79
70
74
68
82
81
63
36
0
6
17
23
22
16
6
-2
15
35
51
60
47
20
2
-2
11
26
37
50
43
51
52
67
75
86
101
85
76
59
48
36
20
19
16
35
62
94
111
116
99
78
59
54
51
40
38
23
14
6
5
11
20
36
62
86
93
76
25
-21
-38
-36
-21
-10
1
17
45
80
99
93
78
77
62
64
51
36
17
5
3
-11
-1
8
38
66
97
147
172
184
179
155
123
93
67
54
59
73
77
77
78
90
111
140
179
177
158
121
94
78
65
66
61
63
84
100
112
113
110
109
110
119
109
83
35
17
14
40
74
88
100
104
117
113
104
92
81
66
63
68
61
57
52
52
53
59
58
52
50
66
90
109
116
106
77
65
70
85
83
75
78
87
108
142
166
167
149
123
95
71
55
46
51
58
84
99
120
133
125
102
87
62
49
45
55
63
72
83
86
78
84
102
115
116
110
89
72
62
64
55
43
40
47
62
69
72
47
35
32
41
42
26
12
-5
-4
18
28
35
40
43
57
77
82
85
71
67
64
35
19
9
12
13
31
29
22
22
27
60
82
112
105
80
31
8
2
4
5
-12
-27
-17
12
58
98
132
135
117
101
94
91
81
73
47
25
-4
-11
-11
-14
-3
-1
-5
-8
14
41
76
93
75
37
7
-1
-2
3
-3
-4
-2
17
60
98
120
114
78
41
11
-1
-16
-15
-11
0
21
57
90
104
89
78
48
12
-16
-44
-60
-57
-36
-11
12
34
53
68
76
76
69
56
48
30
0
-40
-66
-76
-66
-49
-42
-41
-24
21
63
93
97
61
12
-26
-36
-46
-54
-60
-69
-60
-28
13
50
68
67
55
38
16
6
-19
-28
-16
-6
7
17
39
69
117
158
185
168
143
118
108
116
118
107
80
59
36
27
28
50
83
108
127
127
108
88
63
54
42
55
50
49
42
57
68
78
84
82
76
67
61
57
56
63
66
72
88
118
130
140
138
123
110
101
106
107
107
101
83
52
33
12
0
10
35
72
93
103
103
93
71
53
35
24
20
16
19
22
43
65
72
85
82
85
93
95
88
67
50
44
43
52
53
60
81
114
134
129
106
75
49
26
27
17
-5
-34
-37
-13
32
79
87
86
71
76
75
77
74
57
28
16
22
32
45
48
69
90
121
130
103
69
41
34
32
29
27
19
34
59
82
88
93
95
97
95
79
42
4
-5
4
8
-3
-15
-15
-2
34
54
58
49
50
49
53
70
75
82
81
81
88
103
119
118
104
91
95
91
80
66
43
19
3
7
10
19
31
44
56
73
92
87
68
51
43
38
28
16
-5
-21
-31
-33
-20
16
64
117
141
147
118
66
31
8
-2
-18
-35
-56
-65
-49
-21
11
46
70
87
91
102
96
80
73
74
78
76
77
88
103
122
139
133
130
141
155
157
122
70
18
-2
12
42
72
88
107
101
95
79
56
31
35
62
80
74
49
4
-24
-14
30
72
112
137
157
169
173
176
175
168
153
126
90
68
55
50
56
70
79
73
73
62
49
35
29
36
56
90
101
103
92
89
85
86
98
109
127
129
147
141
137
125
107
95
98
105
103
85
73
62
66
81
98
110
111
105
95
74
76
90
89
86
70
58
48
53
56
56
48
37
49
61
82
90
99
105
129
129
122
111
109
107
108
110
111
111
115
102
84
63
51
43
54
63
66
48
17
0
5
21
45
57
52
43
40
32
34
37
40
41
44
41
40
37
38
48
52
60
58
27
4
-8
7
23
44
47
32
23
24
45
53
65
67
67
67
62
52
38
34
21
1
0
18
54
77
93
89
66
53
57
65
73
68
55
25
-4
-13
-30
-23
3
46
85
118
131
127
110
87
68
60
67
75
61
37
27
23
40
55
89
109
123
123
114
85
44
12
-8
6
29
41
43
48
64
76
95
115
126
107
74
35
5
3
23
45
51
58
41
35
42
50
70
63
56
28
13
12
20
25
11
1
-18
-39
-49
-38
-26
-13
-15
-24
-45
-43
-12
26
68
78
60
29
16
24
35
41
34
17
-7
-5
19
35
52
50
37
25
15
15
0
-10
-19
-19
-17
-8
9
30
53
63
66
48
31
11
5
16
45
56
53
45
35
33
42
64
79
83
78
43
