72
103
102
74
29
-29
-73
-118
-155
-197
-222
-221
-205
-162
-107
-55
-16
0
7
1
-2
-3
-3
-16
-49
-81
-107
-120
-117
-106
-92
-77
-48
-26
-10
0
-10
-21
-39
-44
-50
-74
-97
-115
-127
-123
-104
-81
-68
-66
-68
-78
-87
-78
-65
-57
-59
-61
-68
-58
-39
-17
-3
0
-7
-31
-45
-60
-74
-90
-104
-102
-103
-91
-71
-54
-56
-61
-64
-75
-78
-80
-82
-94
-105
-113
-118
-109
-89
-65
-43
-21
-7
-10
-17
-16
-16
-25
-36
-55
-72
-80
-74
-56
-44
-30
-31
-44
-53
-40
-27
-27
-35
-67
-98
-109
-105
-91
-78
-66
-70
-83
-96
-98
-95
-82
-73
-78
-96
-116
-128
-139
-136
-116
-86
-51
-22
-7
-14
-21
-20
-10
-5
-7
-13
-41
-60
-71
-67
-67
-55
-45
-40
-20
-15
-15
-30
-32
-22
-6
3
5
-14
-50
-90
-119
-135
-117
-80
-34
-1
37
48
41
12
-14
-37
-48
-45
-59
-74
-88
-99
-105
-105
-87
-59
-22
18
54
75
79
69
38
-4
-47
-85
-134
-164
-179
-177
-166
-138
-95
-54
-8
31
61
74
75
69
49
24
-9
-62
-115
-154
-172
-174
-150
-113
-75
-57
-39
-21
-1
32
68
90
89
67
21
-35
-84
-117
-133
-129
-100
-58
-16
22
54
69
68
64
41
1
-50
-88
-114
-121
-110
-97
-86
-77
-72
-77
-84
-86
-94
-103
-107
-101
-100
-91
-84
-83
-90
-100
-95
-85
-65
-42
-31
-24
-32
-45
-75
-85
-79
-59
-45
-35
-41
-38
-30
-26
-22
-22
-10
0
-1
-10
-35
-60
-94
-114
-126
-124
-113
-89
-72
-53
-27
-10
-1
5
14
28
35
32
-6
-60
-115
-143
-152
-145
-127
-105
-75
-38
6
37
57
62
44
18
-13
-28
-56
-72
-87
-100
-111
-110
-91
-79
-60
-37
-14
4
21
34
26
7
-24
-52
-83
-104
-113
-117
-106
-96
-93
-95
-82
-71
-59
-38
-11
13
20
10
-24
-64
-104
-128
-139
-143
-129
-117
-101
-75
-38
6
33
54
47
28
11
6
4
-7
-18
-45
-72
-91
-87
-71
-43
-15
2
4
-4
-13
-31
-34
-35
-40
-53
-73
-84
-88
-74
-56
-47
-45
-55
-67
-82
-80
-57
-30
-13
-9
-16
-34
-49
-55
-57
-66
-80
-93
-108
-109
-106
-103
-98
-71
-50
-39
-36
-37
-36
-42
-44
-56
-78
-99
-107
-113
-117
-106
-100
-86
-72
-53
-37
-31
-24
-27
-44
-63
-89
-128
-162
-180
-176
-152
-120
-88
-67
-44
-18
9
21
11
-14
-55
-84
-104
-120
-135
-138
-128
-124
-114
-98
-69
-42
-11
16
16
0
-27
-55
-76
-93
-106
-112
-101
-78
-43
-13
28
56
66
62
54
37
4
-34
-76
-111
-130
-138
-138
-133
-106
-76
-29
19
74
115
130
124
94
47
-6
-54
-93
-113
-115
-119
-125
-122
-98
-62
-25
12
29
26
8
1
-7
-2
-1
-12
-33
-58
-82
-107
-111
-98
-64
-29
1
17
15
13
11
3
-14
-24
-39
-51
-60
-67
-64
-69
-66
-61
-47
-32
-20
-24
-46
-60
-72
-74
-73
-62
-57
-45
-46
-60
-88
-121
-129
-120
-96
-58
-33
-21
-31
-53
-87
-109
-117
-114
-114
-118
-121
-144
-150
-130
-78
-16
33
47
22
-12
-38
-53
-60
-70
-82
-106
-125
-132
-120
-97
-63
-24
-8
-6
-17
-35
-43
-47
-49
-62
-76
-83
-92
-101
-95
-86
-74
-61
-49
-42
-55
-69
-89
-106
-106
-96
-80
-66
-45
-29
-13
6
20
24
22
22
6
-19
-55
-86
-117
-134
-132
-115
-91
-60
-24
-2
8
10
7
3
2
-2
-27
-58
-92
-117
-136
-141
-126
-112
-82
-42
1
19
21
1
-26
-46
-63
-79
-105
-115
-117
-107
-88
-60
-33
-25
-22
-36
-47
-48
-39
-33
-28
-17
-10
-15
-24
-27
-29
-24
-4
6
8
-3
-21
-34
-44
-49
-50
-55
-47
-32
-30
-38
-50
-67
-79
-78
-55
-35
-11
-2
-12
-40
-66
-85
-102
-110
-116
-112
-103
-86
-56
-44
-20
3
29
45
41
21
-19
-57
-86
-98
-102
-93
-83
-69
-49
-19
11
26
38
33
16
-5
-23
-38
-63
-73
-83
-83
-74
-57
-39
-17
12
33
40
36
24
-2
-35
-64
-97
-126
-145
-142
-127
-102
-77
-54
-41
-26
-2
5
9
-5
-39
-74
-92
-88
-79
-57
-36
-18
-10
-10
-10
-24
-30
-34
-41
-54
-74
-95
-126
-145
-145
-125
-105
-83
-75
-75
-71
-63
-50
-38
-20
-13
-27
-57
-80
-102
-113
-103
-88
-68
-56
-45
-36
-30
-12
-5
-9
-18
-24
-28
-30
-32
-47
-61
-88
-106
-128
-133
-109
-69
-34
-8
6
0
-5
-16
-29
-41
-58
-64
-78
-84
-84
-74
-67
-59
-43
-26
2
10
6
-24
-58
-90
-116
-125
-121
-102
-92
-72
-56
-42
-27
-7
9
18
34
34
27
11
-12
-39
-74
-90
-107
-109
-106
-88
-70
-52
-35
-29
-35
-47
-60
-81
-98
-110
-123
-132
-133
-119
-103
-74
-36
1
20
20
6
-25
-60
-87
-110
-125
-132
-125
-121
-96
-61
-19
15
49
79
90
80
47
-2
-65
-116
-154
-171
-161
-138
-117
-98
-74
-43
-16
5
16
8
-16
-49
-85
-110
-121
-111
-95
-77
-47
-21
3
16
28
29
21
10
-18
-48
-77
-92
-105
-107
-98
-83
-59
-35
-8
6
13
17
5
-17
-55
-98
-144
-173
-175
-157
-121
-80
-35
-5
20
41
47
47
37
22
-4
-37
-62
-83
-108
-122
-130
-125
-96
-51
0
25
35
21
-5
-34
-53
-63
-69
-68
-75
-84
-92
-87
-76
-57
-17
17
42
51
50
37
16
-7
-49
-85
-116
-131
-146
-145
-136
-117
-99
-81
-57
-36
-7
11
11
-7
-38
-66
-97
-117
-132
-144
-153
-147
-120
-88
-47
-9
24
44
51
46
25
3
-13
-29
-53
-69
-88
-106
-113
-103
-73
-22
40
82
96
86
74
63
48
31
-7
-59
-103
-130
-132
-126
-100
-76
-51
-33
-8
8
14
17
-6
-43
-77
-95
-100
-94
-76
-59
-50
-51
-63
-84
-95
-93
-82
-71
-64
-60
-79
-97
-120
-135
-130
-107
-75
-46
-25
-19
-33
-69
-114
-147
-175
-178
-162
-140
-126
-105
-91
-81
-74
-55
-48
-39
-33
-37
-35
-45
-59
-67
-65
-41
-24
-6
3
7
-17
-55
-94
-130
-145
-136
-101
-64
-36
-24
-24
-16
10
44
69
80
74
58
30
2
-25
-66
-105
-138
-157
-164
-159
-138
-117
-74
-18
47
101
131
120
64
-2
-52
-74
-86
-91
