532
491
384
266
189
44
-112
-365
-815
-1205
-1190
-561
392
988
861
-2
-1064
-1659
-1827
-1666
-1346
-1136
-902
-643
-475
-332
-320
-329
-217
-135
-60
-71
-134
-67
-14
-14
-28
-86
-57
0
-37
-39
-50
-36
43
20
-1
-9
-29
24
14
-36
-22
-40
-21
-9
-90
-80
-63
-84
-74
-146
-176
-171
-263
-374
-564
-810
-989
-1137
-1248
-1457
-1670
-1234
-173
696
798
204
-622
-1384
-1811
-1870
-1749
-1461
-1105
-835
-621
-435
-349
-333
-270
-65
132
118
57
184
370
432
349
294
461
580
543
514
507
627
705
613
581
602
670
735
665
612
584
572
656
648
546
509
495
524
483
376
364
343
330
315
242
213
169
110
103
7
-99
-157
-229
-182
-131
-146
-249
-628
-1154
-1599
-1710
-1260
-487
288
758
596
-26
-792
-1384
-1498
-1339
-1080
-763
-573
-383
-177
-53
90
144
195
331
397
486
539
526
615
661
667
699
655
682
717
669
680
661
649
698
663
650
666
627
648
636
580
582
536
520
525
462
464
447
401
404
345
324
328
268
264
239
191
212
180
168
175
114
104
65
-14
-82
-222
-331
-380
-429
-437
-556
-820
-1115
-1517
-1796
-1709
-1223
-305
503
648
214
-666
-1502
-1824
-1786
-1494
-1191
-978
-742
-552
-307
-123
-95
14
124
202
310
303
366
489
528
594
587
592
655
647
652
635
606
631
639
648
669
649
659
679
646
643
612
584
599
544
516
528
497
491
460
411
417
363
332
320
255
297
291
254
257
150
112
75
13
40
-25
-91
-121
-232
-302
-369
-454
-447
-463
-527
-660
-971
-1388
-1795
-1874
-1451
-662
151
435
84
-625
-1347
-1786
-1807
-1570
-1347
-1084
-772
-505
-244
-112
-101
-33
19
122
190
185
274
325
393
477
462
524
548
538
613
575
592
611
576
646
591
575
611
561
562
485
429
465
425
405
387
328
353
344
307
295
219
199
188
153
128
43
-8
-17
-38
-57
-85
-126
-128
-138
-195
-214
-293
-370
-410
-487
-462
-423
-456
-563
-875
-1324
-1797
-2038
-1872
-1185
-367
346
364
-88
-722
-1414
-1714
-1741
-1608
-1397
-1232
-906
-625
-435
-177
-99
24
195
206
287
326
350
431
411
434
465
453
493
492
498
515
497
510
558
576
558
570
579
602
661
579
380
254
166
132
136
124
92
40
50
35
11
12
-40
-59
-60
-90
-81
-131
-193
-174
-218
-224
-244
-332
-308
-369
-495
-580
-719
-755
-769
-802
-782
-904
-1145
-1507
-2022
-2038
-2038
-1808
-925
-157
149
-121
-714
-1278
-1699
-1828
-1705
-1590
-1430
-1153
-855
-585
-349
-216
-56
92
166
260
276
365
450
423
475
485
506
556
516
545
572
546
593
584
583
616
574
612
595
537
565
527
538
537
483
507
523
522
419
279
258
212
202
227
161
130
129
108
132
128
85
39
-37
-75
-103
-152
-182
-188
-232
-315
-388
-485
-512
-567
-668
-724
-877
-1035
-1323
-1768
-2038
-2038
-1546
-773
-81
204
-53
-578
-1015
-1340
-1414
-1291
-1272
-1121
-874
-705
-460
-271
-101
96
187
291
362
360
458
486
494
581
546
596
626
598
662
614
622
659
637
682
657
647
696
663
665
664
621
655
624
585
610
566
551
532
481
487
461
417
405
354
329
334
277
255
229
164
168
121
61
53
-6
3
-9
-84
-100
-183
-265
-317
-422
-482
-569
-681
-739
-933
-1218
-1574
-1966
-1950
-1486
-759
0
299
58
-500
-1056
-1325
-1419
-1367
-1224
-1147
-926
-597
-362
-108
70
204
392
459
534
571
549
632
661
654
671
654
684
713
675
687
691
689
728
703
701
714
691
706
688
660
669
647
635
630
579
569
562
526
549
517
494
508
450
444
420
362
371
337
314
322
263
253
237
176
174
112
68
54
-34
-73
-125
-223
-293
-413
-503
-560
-671
-775
-1009
-1385
-1792
-2038
-2038
-1461
-662
74
226
-103
-579
-1097
-1358
-1381
-1333
-1235
-1108
-902
-608
-357
-141
60
223
392
480
497
527
558
583
600
566
568
613
583
612
617
595
634
583
596
605
545
568
537
532
552
483
497
495
442
469
429
411
424
354
366
359
327
345
285
279
291
250
267
240
209
231
197
184
175
106
96
72
29
27
-37
-88
-148
-269
-326
-408
-485
-487
-600
-780
-1038
-1456
-1823
-1976
-1662
-917
-143
397
348
-170
-705
-1169
-1408
-1370
-1270
-1131
-910
-654
-384
-149
38
217
376
496
570
574
591
650
658
668
649
638
687
651
645
649
614
661
642
623
641
580
601
608
558
579
524
512
532
460
468
460
437
474
430
419
433
389
398
377
342
360
326
318
322
269
278
258
218
231
179
157
156
89
46
-5
-90
-136
-238
-361
-437
-554
-627
-720
-857
-1001
-1313
-1698
-2038
-2038
-1792
-958
-232
230
90
-387
-815
-1153
-1317
-1369
-1289
-1131
-993
-738
-466
-276
-23
183
369
525
527
549
599
638
663
617
583
627
654
639
630
602
638
646
576
585
558
550
575
521
535
543
519
559
519
492
497
431
452
416
352
387
351
343
330
269
291
282
255
271
235
238
255
207
220
210
183
210
175
153
146
83
59
17
-84
-160
-274
-365
-412
-514
-626
-873
-1266
-1637
-1906
-1746
-1136
-393
298
510
190
-306
-833
-1200
-1345
-1307
-1238
-1183
-961
-695
-422
-110
126
325
489
561
593
599
620
671
670
649
630
644
639
625
632
604
633
604
588
602
530
538
512
501
532
462
469
475
430
451
400
377
409
346
350
334
284
317
276
267
288
242
261
256
