1616
1624
1479
1184
570
-1
-316
-339
-40
302
612
878
1061
1329
1528
1649
1768
1736
1649
1606
1551
1457
1321
1169
1115
1083
936
796
687
621
564
420
325
294
239
204
123
47
33
-33
-49
-91
-191
-204
-262
-281
-276
-372
-394
-416
-463
-473
-548
-560
-543
-597
-567
-567
-567
-523
-602
-606
-598
-591
-490
-498
-503
-477
-513
-518
-565
-633
-533
-287
84
448
596
635
708
935
1343
1658
1661
1503
1187
687
234
-191
-357
-140
124
502
902
1165
1477
1626
1682
1773
1689
1654
1579
1461
1409
1199
1048
999
915
887
754
628
649
575
508
394
269
274
154
63
11
-85
-103
-174
-229
-239
-296
-307
-306
-352
-358
-379
-406
-415
-489
-533
-544
-557
-566
-631
-678
-676
-670
-659
-651
-654
-611
-573
-583
-563
-625
-703
-747
-829
-750
-503
-157
230
417
396
346
377
694
1214
1507
1516
1327
942
481
-16
-385
-437
-232
77
436
840
1137
1383
1611
1704
1742
1732
1599
1462
1356
1169
990
787
651
617
463
336
253
182
153
39
-63
-61
-93
-157
-201
-267
-265
-230
-324
-516
-659
-739
-773
-774
-829
-923
-992
-991
-979
-1004
-1018
-1039
-1038
-1009
-1032
-1022
-1024
-1068
-1019
-1024
-1016
-979
-1020
-939
-927
-1020
-1058
-1176
-1217
-1187
-1091
-749
-404
-142
-36
-167
-167
34
498
1105
1265
1198
994
491
64
-360
-626
-510
-322
-17
403
769
1162
1465
1650
1804
1800
1740
1639
1495
1427
1254
1021
891
803
730
612
464
426
420
326
245
153
80
52
-54
-103
-152
-233
-220
-255
-281
-273
-332
-325
-293
-343
-464
-592
-619
-653
-683
-658
-690
-718
-721
-746
-722
-693
-717
-748
-784
-780
-770
-800
-821
-817
-832
-872
-916
-988
-1010
-1053
-1058
-875
-620
-269
-36
9
153
420
854
1222
1258
1204
976
566
257
-102
-263
-102
-7
273
638
850
1187
1427
1615
1775
1673
1575
1476
1365
1323
1106
888
824
703
612
451
290
292
201
122
44
-55
-56
-128
-192
-213
-272
-273
-278
-324
-329
-390
-430
-401
-470
-532
-571
-610
-584
-619
-673
-664
-683
-684
-676
-726
-714
-704
-738
-701
-721
-743
-714
-738
-710
-716
-765
-745
-790
-851
-885
-978
-1011
-999
-903
-601
-328
-148
-61
-25
312
855
1247
1398
1323
1035
604
206
-87
-291
-236
19
278
651
1049
1332
1608
1826
1949
1999
1904
1840
1802
1672
1549
1398
1261
1198
1050
875
753
619
570
490
371
327
250
203
166
85
69
49
22
13
-67
-134
-159
-210
-235
-292
-363
-345
-369
-403
-408
-456
-434
-422
-467
-445
-455
-452
-412
-457
-452
-443
-481
-461
-499
-519
-507
-568
-582
-619
-716
-804
-929
-971
-889
-704
-369
-112
-27
-23
11
304
813
1217
1331
1227
952
550
132
-225
-371
-303
-135
135
456
836
1165
1372
1591
1683
1681
1632
1472
1395
1258
1019
867
693
623
559
358
304
242
159
95
-86
-137
-181
-302
-343
-428
-449
-432
-501
-509
-560
-637
-631
-678
-726
-764
-840
-841
-842
-877
-877
-900
-888
-860
-889
-871
-851
-843
-789
-782
-769
-732
-769
-760
-739
-745
-681
-674
-677
-696
-817
-872
-930
-935
-720
-459
-188
-25
-84
-52
166
632
1209
1420
1404
1254
815
398
8
-392
-460
-303
-41
352
763
1158
1512
1827
2038
2038
2038
2038
1960
1844
1660
1393
1209
1059
933
784
590
472
391
278
180
57
-29
-61
-168
-228
-289
-368
-362
-421
-460
-469
-526
-486
-473
-521
-523
-581
-592
-579
-638
-612
-610
-618
-569
-597
-575
-534
-556
-514
-522
-538
-492
-513
-504
-493
-556
-583
-626
-714
-777
-897
-1023
-1079
-1134
-1115
-990
-747
-414
-202
-152
-100
81
515
1026
1233
1234
1138
789
409
100
-214
-295
-164
82
415
771
1121
1371
1618
1835
1886
1859
1765
1672
1624
1420
1217
1075
933
885
700
532
468
331
269
135
-24
-51
-147
-202
-243
-359
-370
-387
-431
-430
-523
-560
-561
-645
-674
-760
-823
-804
-855
-894
-901
-915
-888
-869
-886
-846
-838
-821
-779
-818
-801
-789
-819
-807
-856
-907
-895
-928
-927
-942
-1035
-1078
-1144
-1138
-975
-719
-367
-146
-105
-119
-74
285
850
1262
1461
1470
1245
852
425
1
-282
-237
-77
123
507
930
1349
1727
2009
2038
2038
2038
1980
1884
1755
1551
1342
1156
1035
908
715
595
513
407
318
148
61
12
-109
-161
-254
-287
-286
-368
-382
-426
-477
-467
-529
-570
-594
-668
-669
-685
-740
-741
-770
-762
-732
-756
-726
-697
-696
-663
-681
-698
-677
-707
-708
-698
-726
-710
-730
-772
-801
-889
-939
-1001
-1039
-870
-609
-305
-39
1
-67
-127
-36
389
930
1273
1323
1266
1073
626
244
-100
-332
-188
-34
127
516
892
1273
1700
1966
2038
2038
2038
1979
1848
1683
1455
1211
1077
998
815
631
529
436
349
164
8
-51
-139
-197
-291
-387
-401
-453
-471
-453
-516
-531
-548
-594
-597
-679
-705
-681
-727
-743
-791
-821
-779
-816
-830
-797
-807
-754
-736
-743
-686
-704
-712
-689
-742
-764
-800
-865
-872
-949
-1025
-1045
-1123
-1162
-1185
-1118
-824
-529
-293
-190
-290
-312
-164
236
874
1285
1388
1409
1177
775
406
-17
-236
-210
-96
155
520
990
1428
1776
2038
2038
2038
2038
2038
2038
1900
1608
1444
1279
1145
1030
791
695
622
495
408
262
188
178
64
9
-33
-108
-98
-171
-203
-220
-325
-336
-384
-467
-516
-583
-588
-568
-602
-601
-585
-576
-538
-559
-555
-513
-526
-517
-522
-536
-508
-537
-558
-554
-618
-640
-672
-742
-768
-875
-928
-893
-855
-670
-511
-421
-362
-510
-683
-827
-944
-759
-302
316
845
992
983
984
949
659
-3
-665
-1034
-884
-424
-169
48
357
683
1157
1606
1858
1921
1870
1862
1841
1695
1427
1158
1016
907
739
475
271
225
141
7
-187
-329
-323
-393
-488
-583
-679
-647
-679
-751
-785
-886
-891
-906
-994
-1005
-1071
-1060
-1010
-1094
-1094
-1096
-1102
-1036
-1073
-1074
-1018
-1013
-962
-960
-972
-899
-909
-906
-861
-879
-813
-763
-750
-683
-703
-708
-639
-573
-430
-301
-228
-147
-241
-415
-567
-774
-856
-854
-649
-80
604
1139
1331
1281
1251
1306
1231
899
355
-126
-200
64
462
846
1095
1246
1449
1676
1862
1924
1916
1934
1894
1845
1677
1477
1378
1232
1129
953
742
672
522
393
287
100
52
-1
-103
-148
-265
-310
-304
-370
-355
-384
-421
-387
-406
-397
-382
-374
-315
-289
-278
-225
-223
-220
-187
-203
-154
-100
-92
-53
-81
-72
-19
-47
-2
30
17
91
73
70
142
121
168
196
158
201
180
202
245
198
231
182
82
74
1
3
80
152
343
497
571
619
562
552
609
648
743
794
812
878
915
946
980
966
961
968
960
979
942
924
959
898
879
882
853
930
975
994
1057
1056
1121
1172
1157
1221
1189
1157
1169
1094
1077
1029
952
939
836
727
651
528
468
381
265
229
145
105
101
44
63
62
38
67
48
55
91
68
106
135
133
222
227
235
312
352
425
429
429
478
512
626
709
724
823
875
887
959
936
951
972
907
915
871
755
710
668
634
629
511
440
408
313
282
189
97
42
-72
-131
