297
240
203
138
71
9
-132
-317
-520
-720
-756
-599
-320
17
246
128
-432
-1023
-1344
-1435
-1293
-1046
-854
-670
-478
-338
-211
-130
-81
-67
-76
-65
-98
-182
-272
-317
-330
-359
-450
-504
-480
-478
-487
-514
-499
-437
-431
-440
-472
-497
-465
-458
-451
-446
-468
-466
-462
-468
-460
-458
-452
-459
-505
-553
-562
-562
-601
-683
-871
-1106
-1235
-1308
-1343
-1263
-879
-210
306
436
220
-241
-714
-1034
-1221
-1198
-930
-601
-345
-149
-6
73
114
167
270
331
307
282
331
406
415
337
291
370
440
431
408
416
470
492
439
446
485
483
479
432
411
425
417
433
404
331
308
284
265
228
136
105
94
81
60
-7
-39
-77
-130
-183
-298
-415
-556
-728
-864
-959
-1024
-1094
-1180
-1298
-1428
-1404
-1057
-510
22
394
376
9
-467
-835
-932
-810
-580
-326
-126
75
280
407
514
565
628
719
714
756
785
763
770
736
719
718
685
679
665
626
622
601
590
596
553
525
517
501
492
468
437
410
362
323
305
268
255
238
206
197
170
150
136
109
104
88
57
54
15
-31
-57
-109
-130
-155
-207
-260
-377
-523
-687
-885
-1040
-1171
-1324
-1547
-1943
-1992
-1590
-1097
-342
133
160
-18
-559
-1131
-1436
-1380
-1104
-891
-645
-409
-257
8
180
323
492
469
508
552
612
677
592
599
641
673
648
553
559
571
575
546
495
530
552
566
570
539
548
545
539
530
464
430
416
402
399
341
321
323
302
288
222
209
198
147
156
128
118
119
40
-5
-70
-106
-73
-112
-145
-204
-281
-331
-447
-612
-795
-959
-1040
-1121
-1290
-1733
-2038
-1896
-1263
-603
51
69
-162
-519
-980
-1326
-1458
-1195
-969
-749
-348
-131
54
220
242
451
493
440
508
486
649
605
482
586
590
691
621
529
644
621
631
580
525
594
549
533
528
474
491
444
425
429
349
351
334
308
297
255
290
269
208
160
99
121
85
8
-21
-71
-59
-67
-116
-132
-159
-159
-178
-233
-309
-450
-598
-769
-947
-1062
-1194
-1286
-1344
-1565
-1899
-2038
-2038
-1169
-467
114
210
-319
-649
-1031
-1389
-1464
-1314
-1059
-810
-502
-178
-46
139
263
449
729
576
534
589
679
766
525
503
554
591
585
426
461
512
497
489
466
490
507
499
536
518
543
490
257
181
34
-40
54
29
9
-73
-95
-37
-67
-92
-134
-171
-143
-170
-189
-202
-261
-232
-266
-300
-303
-381
-347
-399
-552
-692
-915
-1074
-1193
-1348
-1563
-2006
-2038
-1880
-2038
-2038
-2038
-2038
-972
-338
-75
-112
-743
-1066
-1351
-1924
-1900
-1414
-1146
-717
-288
-77
53
167
407
665
778
624
573
682
877
841
595
604
693
845
724
543
618
681
768
666
578
628
648
680
621
540
562
606
637
632
534
535
610
621
478
281
277
278
305
282
187
211
213
196
164
112
106
48
-42
-85
-164
-207
-223
-253
-290
-430
-535
-624
-748
-922
-1361
-1794
-1691
-1518
-1634
-1984
-2038
-1970
-1401
-741
-122
-105
-218
-470
-881
-1279
-1361
-1058
-963
-801
-389
-279
-135
133
326
671
620
547
675
686
892
724
588
704
714
827
669
585
666
668
719
626
579
658
659
679
651
587
650
650
643
608
522
574
583
569
496
421
460
439
420
363
329
354
338
332
277
232
224
175
142
90
20
18
-8
-37
-83
-175
-184
-248
-362
-489
-696
-869
-1020
-1183
-1431
-1956
-2038
-1829
-1898
-1889
-1684
-1023
-288
-16
20
-509
-926
-981
-1158
-1230
-1037
-791
-526
-186
192
451
424
543
706
930
983
731
781
864
1001
897
695
774
798
858
741
662
740
763
796
759
716
727
762
780
782
708
696
738
738
708
592
607
635
611
588
512
548
572
543
515
480
474
480
466
429
402
372
365
336
288
216
148
134
89
15
-75
-138
-228
-392
-574
-813
-1048
-1152
-1216
-1383
-1998
-2038
-2038
-1810
-1216
-415
-225
-47
-120
-484
-821
-1158
-1090
-960
-972
-653
-450
-241
79
265
614
641
635
792
816
946
810
712
771
735
791
703
633
702
706
720
668
591
636
625
604
565
484
544
560
552
520
463
490
481
469
406
361
382
375
373
343
316
317
312
305
283
253
259
258
251
240
205
200
145
87
53
-3
0
-34
-103
-184
-312
-431
-606
-795
-966
-1211
-1355
-1417
-1648
-2014
-2038
-2038
-1014
-331
122
107
-392
-684
-976
-1423
-1480
-1122
-874
-544
-159
63
251
414
624
884
999
906
850
895
1035
970
753
735
787
879
748
600
639
656
694
600
550
586
570
596
577
533
527
524
534
529
447
443
491
511
495
414
429
443
410
372
335
376
404
376
346
328
318
336
320
292
278
242
226
187
113
18
-50
-119
-215
-347
-535
-683
-822
-1007
-1241
-1569
-1775
-1678
-1724
-1891
-2038
-2038
-1064
-399
8
137
-411
-664
-814
-1142
-1174
-1038
-840
-537
-273
122
250
319
551
716
981
840
722
842
904
984
771
685
800
834
808
671
637
713
697
645
604
547
586
582
560
546
496
541
557
541
455
353
371
378
323
250
232
264
256
213
172
173
197
179
158
138
136
169
149
129
108
51
49
17
-38
-53
-97
-115
-159
-285
-429
-626
-806
-943
-1082
-1276
-1645
-1885
-1852
-1871
-1943
-1354
-496
-101
296
118
-405
-645
-945
-1079
-1031
-958
-699
-467
-217
235
412
593
734
863
1076
908
865
892
944
1002
808
769
790
784
762
656
627
628
574
565
519
446
434
404
459
430
351
382
380
405
326
243
251
241
228
157
134
133
116
103
79
83
87
88
100
88
60
55
21
13
-27
-100
-109
-147
-174
-233
-321
-374
-482
-621
-810
-1064
-1234
-1242
-1273
-1400
-1987
-2038
-2038
-2038
-1749
-1024
-533
-115
