-55
-48
-48
-38
-23
0
11
22
21
3
-10
-16
-17
-18
-25
-43
-71
-87
-84
-67
-53
-36
-22
-20
-13
-3
-1
-12
-29
-50
-55
-37
-5
17
9
-9
-35
-41
-32
-4
5
5
-5
-19
-32
-28
-15
-11
-2
5
31
53
66
83
81
77
68
51
24
-9
-36
-66
-75
-76
-67
-62
-60
-55
-54
-40
-21
-3
1
13
23
25
22
21
15
3
-2
-13
-22
-34
-37
-43
-46
-42
-52
-54
-57
-55
-60
-73
-79
-82
-75
-61
-45
-47
-57
-60
-55
-50
-44
-35
-26
-23
-20
-23
-28
-25
-4
-8
-16
-35
-59
-83
-86
-75
-70
-61
-48
-26
-9
-8
0
0
23
45
59
54
37
11
-24
-43
-37
-19
2
15
13
4
0
5
14
5
1
-12
-23
-28
-28
-28
-22
-10
19
41
67
88
99
91
72
63
55
46
34
37
33
35
43
45
44
44
49
43
30
18
9
7
10
27
27
29
17
8
-4
-7
1
9
19
19
6
-1
7
20
25
18
14
11
13
22
19
-1
-25
-40
-40
-29
-6
11
19
17
18
26
29
30
9
-17
-28
-12
11
17
19
7
4
8
22
21
5
-18
-36
-48
-47
-40
-43
-37
-19
1
12
15
18
12
5
-1
-11
-19
-25
-15
-16
0
28
61
89
102
98
66
42
27
22
16
16
18
14
20
24
43
58
81
85
79
68
63
58
43
31
0
-30
-46
-39
-23
-24
-17
-11
5
21
29
35
36
38
22
0
-8
-3
-1
-1
-8
-17
-16
-9
22
50
76
92
88
78
71
77
78
81
68
45
10
-19
-25
-30
-25
-16
-3
1
15
29
36
33
22
13
3
2
2
-7
-19
-29
-24
-14
19
40
50
52
58
69
74
82
77
61
54
47
39
17
8
6
16
21
35
28
32
57
78
88
79
61
41
32
39
44
44
32
20
4
3
15
33
46
56
70
68
69
60
37
-10
-55
-71
-63
-26
14
34
35
29
26
14
0
-16
-37
-50
-54
-56
-47
-22
18
47
60
63
51
49
50
51
38
1
-25
-41
-45
-35
-24
-20
-10
7
17
12
7
10
5
-3
-8
-5
-5
-9
-8
-27
-33
-19
5
23
24
15
-2
-4
7
23
27
25
26
23
44
82
116
124
116
110
95
85
74
49
28
8
2
1
12
22
21
13
16
24
31
36
42
44
45
51
38
18
1
8
26
36
37
19
0
-10
-3
10
14
18
-5
-29
-41
-25
1
17
21
17
15
25
45
64
71
65
42
11
-7
-6
-9
-8
-4
-4
-1
18
43
64
77
83
74
53
37
17
-9
-39
-53
-48
-28
1
22
39
49
45
28
1
-15
-27
-30
-27
-20
-17
-17
0
7
2
-15
-30
-34
-26
-3
11
11
14
28
35
35
33
23
22
24
43
64
86
100
100
88
69
52
21
10
22
39
50
50
46
30
22
19
19
13
15
23
26
31
27
27
26
26
28
18
2
-16
-40
-55
-52
-54
-60
-62
-59
-51
-55
-47
-41
-33
-15
7
22
27
35
29
17
-1
3
12
30
40
35
26
7
14
14
27
56
74
84
77
64
42
30
20
15
11
18
31
26
9
-14
-30
-34
-32
-28
-32
-30
-21
-26
-48
-71
-82
-79
-62
-37
-15
-7
7
17
33
59
80
87
67
48
28
16
11
3
-4
-11
9
32
58
81
96
99
95
97
95
81
55
28
-3
-14
-10
2
17
47
85
108
115
111
102
85
60
43
23
14
7
10
17
39
73
88
88
77
62
43
32
17
-2
-18
-43
-80
-123
-134
-126
-111
-82
-50
-1
38
66
70
57
31
0
-41
-86
-100
-100
-78
-47
-10
18
39
56
61
62
65
72
66
53
41
17
-9
-44
-65
-78
-78
-62
-45
-26
-19
-14
-25
-31
-27
-30
-23
-25
-11
-11
-7
-6
-8
-23
-23
-19
-13
-9
-11
-17
-25
-17
-3
15
30
47
65
77
90
90
75
55
34
11
-8
2
24
48
62
68
69
64
76
78
82
78
75
57
35
16
-9
-39
-71
-81
-67
-26
24
55
63
51
33
16
7
14
12
0
-21
-28
-41
-33
-27
-24
-29
-43
-47
-63
-74
-77
-76
-67
-44
-14
8
29
45
55
50
49
37
25
14
-4
-15
-27
-22
-9
10
32
52
65
65
67
59
46
31
14
-8
-28
-39
-45
-45
-39
-25
-13
6
16
28
25
28
39
39
33
16
-1
-10
-9
-4
-2
10
38
81
123
155
166
150
133
107
83
47
23
4
-8
-4
10
28
47
78
112
135
139
129
109
78
56
36
12
-2
-12
-22
-32
-13
19
60
95
121
128
117
89
40
-6
-47
-71
-85
-84
-67
-45
-27
-9
22
48
60
57
44
23
1
-19
-44
-62
-79
-93
-113
-125
-107
-78
-26
29
66
76
66
46
13
-8
-22
-30
-44
-50
-55
-52
-27
4
30
32
35
33
35
23
5
-26
-49
-44
-33
-23
-38
-48
-49
-26
18
46
58
59
54
44
36
40
39
32
28
32
38
43
40
29
20
30
49
48
39
21
9
-2
-9
-15
-25
-35
-42
-55
-60
-56
-35
-10
18
46
59
45
25
-5
-35
-54
-59
-51
-52
-46
-55
-54
-43
-25
5
28
68
96
110
117
113
98
72
60
38
19
0
-8
-4
6
44
87
123
156
171
170
161
137
105
65
24
-1
-28
-34
-27
-5
21
55
102
134
147
126
68
2
-43
-65
-74
-69
-54
-44
-44
-39
-22
-12
-6
-3
-6
-11
-11
-14
-19
-29
-36
-45
-50
-41
-28
-13
3
12
10
-3
4
12
29
34
36
29
29
37
32
28
23
35
55
75
92
95
85
74
66
54
44
29
7
-12
-18
-6
0
20
43
74
95
97
86
58
42
34
22
-9
-40
-55
-61
-50
-36
-16
2
29
46
48
27
-3
-35
-70
-81
-92
-108
-113
-106
-78
-47
-17
-10
-9
2
23
36
22
-3
-42
-69
-74
-58
-38
-27
-13
-7
10
26
56
79
89
82
59
38
23
15
-8
-30
-43
-40
-30
-20
-11
-27
-30
-23
0
16
24
15
-9
-27
-26
-12
0
2
0
-7
0
13
22
20
20
22
26
32
33
27
13
14
