-328
-401
-299
-387
-327
-311
-469
-380
-449
-482
-329
-428
-359
-273
-322
-128
-146
-169
-47
-193
-162
-133
-235
-87
-131
-168
-48
-176
-94
-54
-187
-79
-155
-181
-92
-251
-176
-112
-225
-109
-207
-257
-153
-322
-232
-165
-256
-77
-119
-170
-63
-161
-79
20
-91
-30
-83
-148
-28
-130
-98
-34
-137
-27
-96
-171
-13
-62
-16
38
-73
70
24
-47
93
-30
45
100
-11
107
4
-63
31
-43
56
68
-23
93
16
30
150
58
144
137
9
107
36
-28
70
-3
110
185
78
218
194
133
224
82
149
265
120
214
195
183
358
253
307
374
239
372
364
269
361
259
315
353
210
308
244
216
355
245
290
381
296
397
326
206
289
183
235
320
213
327
271
217
402
343
411
490
411
528
447
350
436
302
355
430
329
513
468
442
592
452
521
496
364
494
433
443
509
319
368
429
315
398
308
197
259
176
162
153
102
172
85
-23
36
8
41
167
202
394
455
336
500
478
506
697
587
686
712
555
635
521
551
710
558
722
776
695
924
835
957
1103
971
1039
902
891
1001
931
1049
1024
873
1020
956
1006
1186
988
1041
953
844
1009
923
880
875
774
792
819
731
820
763
647
700
604
636
641
595
572
466
446
448
381
430
458
319
377
368
314
323
136
134
195
168
294
301
256
341
276
338
410
302
316
264
253
229
118
174
180
150
192
147
179
282
158
143
197
36
82
59
4
92
-35
-110
-192
-266
-174
-182
-163
-82
-242
-173
5
-133
-98
-204
-273
-28
0
7
-26
-194
-81
-81
-205
-13
-72
-29
121
-80
82
132
-35
117
0
-19
100
-2
149
70
-25
68
-104
-28
-40
-128
16
-58
-35
48
-14
522
1034
1017
1172
959
849
1095
1005
1092
1195
1173
1397
1318
1079
1644
1804
1601
2038
2038
2038
1982
1573
2038
2038
2038
1764
1441
2038
2038
2038
1506
1458
2038
2038
1901
1433
1547
2019
2038
1699
1464
1528
1818
1920
1644
1416
1411
1663
1798
1560
1274
1319
1587
1685
1397
1161
1298
1512
1519
1242
1127
1273
1388
1353
1161
1111
1193
1260
1241
1114
1052
1096
1171
1162
1042
942
996
1097
1070
955
793
864
1027
945
911
655
673
959
816
885
674
623
926
757
834
756
642
869
738
681
762
644
776
711
658
824
610
711
659
649
802
544
664
611
635
712
508
620
590
603
619
507
569
492
440
547
485
523
439
342
541
437
505
347
237
548
358
497
514
339
505
374
411
475
338
439
362
314
449
307
375
371
183
266
253
315
390
128
144
290
255
384
71
29
336
202
265
-56
-43
341
148
75
-193
-92
277
157
-40
-207
-57
200
170
-139
-187
4
140
72
-341
-256
18
92
28
-287
-229
40
43
-151
-338
-279
39
32
-203
-292
-265
33
-94
-475
-492
-317
-20
-147
-470
-448
-248
-30
-69
-288
-288
-128
-78
-129
-287
-270
-97
-190
-298
-368
-325
-124
-215
-386
-413
-356
-140
-168
-375
-365
-311
-161
-191
-431
-373
-238
-210
-278
-470
-449
-224
-312
-427
-479
-530
-237
-346
-494
-428
-525
-250
-319
-538
-460
-470
-276
-315
-547
-519
-412
-359
-339
-454
-521
-338
-415
-575
-753
-899
-649
-805
-1040
-969
-991
-768
-778
-973
-925
-803
-695
-722
-841
-869
-623
-648
-764
-765
-917
-725
-772
-949
-876
-1032
-942
-906
-1087
-968
-1023
-1014
-832
-1071
-1041
-1003
-1137
-925
-1077
-1077
-886
-1050
-937
-962
-1100
-932
-1054
-1062
-948
-1093
-934
-904
-1039
-860
-935
-965
-826
-1009
-962
-958
-1105
-931
-1013
-1055
-905
-1068
-1018
-997
-1172
-993
-1042
-1058
-891
-1078
-1003
-968
-1118
-920
-997
-1056
-900
-1086
-1016
-991
-1131
-973
-1050
-1062
-934
-1059
-960
-892
-997
-850
-941
-954
-787
-926
-831
-810
-939
-769
-833
-880
-753
-908
-812
-759
-933
-754
-827
-890
-762
-994
-958
-925
-1113
-918
-976
-1045
-876
-1063
-1010
-966
-1120
-944
-1030
-1095
-925
-1102
-1013
-939
-1106
-943
-1032
-1065
-895
-1064
-969
-881
-1006
-849
-952
-1028
-884
-1023
-943
-896
-1062
-919
-973
-1047
-883
-1019
-929
-847
-999
-859
-947
-984
-845
-1014
-943
-887
-1008
-841
-939
-982
-783
-903
-797
-751
-929
-729
-769
-818
-636
-813
-698
-598
-773
-583
-656
-717
-519
-704
-656
-579
-749
-540
-600
-680
-468
-607
-526
-456
-654
-498
-542
-603
-398
-546
-487
-422
-584
-387
-396
-462
-312
-477
-439
-328
-487
-336
-377
-428
-229
-360
-272
-183
-299
-116
-177
-236
-73
-207
-107
-40
-217
-67
-154
-224
-68
-261
-182
-95
-242
-19
-74
-130
40
-167
-123
-97
-337
-191
-259
-347
-158
-354
-279
-185
-376
-177
-210
-261
-61
-216
-161
-48
-188
-37
-98
-147
53
-82
-37
20
-137
12
-40
-166
-43
-207
-173
-68
-250
-150
-189
-301
-171
-316
-319
-241
-401
-278
-342
-486
-339
-478
-431
-326
-514
-306
-303
-393
-181
-386
-310
-189
-412
-253
-333
-393
-168
-336
-275
-189
-362
-177
-263
-345
-130
-279
-196
-94
-251
-59
-96
-213
-57
-220
-169
-33
-207
-73
-90
-188
6
-115
-69
54
-132
30
3
-66
138
-41
-27
46
-109
74
28
-51
177
86
167
257
93
249
233
144
264
90
106
173
-24
114
62
-19
191
62
101
167
-27
142
103
-15
188
50
119
230
11
138
75
-30
131
-76
-48
55
-127
57
14
-69
142
-11
43
150
-50
93
87
5
210
112
174
309
161
314
311
201
335
157
175
301
140
280
221
110
298
145
144
220
64
225
154
22
159
-15
33
93
-128
-13
-37
-64
136
-12
51
179
37
230
189
80
277
116
122
197
-17
122
68
-87
66
-104
-55
88
-99
37
37
-69
122
11
41
146
-45
64
-38
-184
-5
-140
-169
-157
-447
-329
-287
-413
-228
-390
-307
-109
-270
-141
-244
-348
-160
-294
-311
-258
-385
-219
-231
-318
-136
-242
-192
-111
-339
-235
-284
-444
-296
-454
-486
-355
-526
-395
-381
-557
-358
-477
-438
-231
-443
-274
-292
-460
-217
-366
-346
-120
-306
-138
-127
-315
-88
-285
-304
-126
-365
-206
-158
-298
-155
-323
-325
-200
-343
-205
-339
-467
-296
-449
-298
-239
-449
-283
-371
-392
-186
-293
-191
-133
-278
-137
-188
-221
-53
-236
-236
-202
-327
-165
-213
-302
-160
-261
-299
-217
-350
-238
-235
-375
-263
-379
-400
-316
-516
-426
-364
-566
-411
-515
-438
-252
-525
-356
-405
-421
-177
-407
-351
-237
-395
-464
-704
-766
