-15
2
15
18
26
30
45
53
38
16
-9
-36
-52
-54
-48
-26
-17
-30
-40
-17
28
74
122
140
139
143
153
154
148
142
147
175
209
247
275
310
370
430
476
506
529
548
540
487
400
293
184
96
26
-22
-28
-18
8
53
86
122
158
198
251
268
260
256
257
275
278
271
266
265
280
287
302
331
347
359
362
360
359
334
305
279
251
221
189
170
158
142
123
118
110
97
103
106
98
110
122
119
133
134
108
88
96
101
85
77
58
51
65
61
20
-17
-42
-71
-69
-94
-131
-142
-167
-178
-184
-210
-234
-251
-250
-241
-243
-238
-236
-228
-211
-215
-206
-218
-220
-202
-212
-206
-214
-231
-244
-263
-237
-225
-225
-197
-216
-207
-180
-182
-158
-161
-162
-160
-164
-160
-180
-177
-159
-175
-181
-153
-138
-163
-224
-250
-247
-219
-182
-232
-264
-225
-193
-199
-243
-336
-321
-299
-376
-263
-214
-350
-264
-253
-418
-360
-393
-309
-199
-300
-208
-259
-363
-382
-320
-269
-165
146
136
-307
-601
-671
-734
-512
-521
-562
-528
-642
-530
-564
-510
-535
-713
-675
-726
-709
-648
-737
-631
-391
-531
-728
-751
-796
-758
-738
-750
-707
-489
-481
-779
-775
-702
-672
-552
-409
-363
-521
-519
-532
-509
-431
-505
-501
-525
-457
-429
-462
-450
-486
-538
-560
-433
-504
-582
-594
-627
-563
-565
-509
-554
-582
-596
-643
-576
-511
-535
-603
-523
-474
-362
-384
-398
-315
-397
-276
-275
-266
-266
-341
-299
-321
-241
-287
-331
-194
-138
-112
-97
-141
-162
-176
-199
-146
-146
-135
-109
-92
-2
-40
-51
-7
32
124
91
64
86
136
209
173
181
247
182
142
191
110
88
140
94
83
75
78
68
64
145
197
187
133
141
172
230
259
273
332
268
305
335
331
409
400
405
414
387
365
296
278
452
342
211
239
93
160
192
272
218
167
277
77
104
107
68
119
88
119
141
79
137
200
59
103
30
89
212
135
122
-17
-3
24
26
2
-26
-7
-39
12
-69
-106
-126
-146
-93
-207
-198
-162
-229
-187
-148
-260
-312
-209
-229
-273
-182
-226
-344
-243
-284
-290
-202
-333
-275
-242
-278
-246
-346
-355
-282
-224
-188
-288
-275
-302
-426
-357
-366
-348
-222
-307
-341
-286
-358
-318
-302
-319
-304
-329
-309
-241
-156
-174
-235
-305
-263
-210
-307
-341
-311
-280
-271
-286
-349
-307
-295
-362
-331
-314
-364
-413
-378
-398
-353
-307
-317
-322
-374
-380
-372
-279
-197
-263
-381
-398
-304
-186
-175
-196
-185
-199
-191
-233
-178
-116
-88
-113
-197
-148
-164
-155
-123
-156
-167
-174
-146
-150
-189
-196
-198
-191
-73
-97
-135
-89
-156
-75
-41
-121
-200
-220
-198
-200
-156
-132
-75
-47
-122
-183
-211
-192
-89
-81
-51
-24
-115
-81
-108
-138
-68
-70
-45
-102
-109
-42
-125
-151
-168
-236
-204
-210
-215
-229
-287
-236
-275
-292
-257
-293
-251
-275
-280
-256
-297
-295
-303
-288
-284
-309
-269
-217
-187
-148
-127
-99
-44
-35
-39
-34
-3
19
31
92
129
166
209
249
304
339
352
332
310
285
288
325
343
365
389
410
459
533
571
604
652
660
689
707
715
762
783
807
853
884
908
933
925
907
904
902
937
963
977
991
995
1013
1022
1020
1014
1016
997
898
760
671
605
567
590
575
553
541
510
520
533
525
515
493
494
509
497
494
477
457
487
558
610
617
599
566
568
608
647
629
625
646
636
646
631
616
634
656
674
676
672
670
668
689
707
676
675
665
663
690
678
709
718
723
767
749
729
703
658
659
660
692
733
746
771
754
739
755
739
740
744
744
759
746
649
517
479
447
432
472
458
476
514
513
547
544
533
542
538
553
522
511
509
496
529
525
526
537
529
561
567
586
608
592
609
624
658
646
610
599
566
584
595
595
628
616
653
655
548
499
398
332
328
267
255
229
209
222
192
203
198
169
182
142
154
198
210
248
232
240
241
217
253
243
230
238
266
280
209
172
145
143
201
185
147
128
89
120
154
161
132
68
56
13
2
18
7
7
-52
-94
-109
-126
-93
-101
-109
-74
-65
-49
-33
-32
-38
-36
-13
-12
-28
-54
-45
-7
-19
3
-1
-44
-8
-30
-60
-25
-12
5
19
26
38
35
63
44
1
-15
-75
-88
-86
-97
-126
-144
-79
-87
-150
-129
-165
-200
-153
-196
-197
-187
-238
-257
-263
-213
-211
-189
-146
-176
-175
-168
-158
-124
-105
-161
-211
-195
-207
-276
-265
-242
-322
-308
-303
-310
-245
-232
-213
-219
-190
-168
-224
-190
-114
-117
-225
-303
-296
-310
-282
-234
-250
-208
-155
-187
-173
-222
-261
-239
-299
-228
-199
-272
-263
-270
-225
-200
-263
-252
-240
-239
-195
-230
-231
-217
-194
-163
-226
-202
-188
-176
-144
-232
-236
-228
-264
-188
-199
-242
-164
-194
-187
-109
-132
-130
-110
-75
-74
-96
-111
-147
-143
-114
-85
-91
-59
-19
-48
-59
-40
-56
-83
-103
-124
-95
-95
-83
-66
-71
-51
-51
-4
51
42
8
-24
-38
-25
-44
-54
-45
-51
-11
7
5
6
-33
-32
-48
-80
-41
-72
-88
-22
-22
-14
11
41
96
97
115
209
185
161
198
159
194
221
198
165
128
112
89
92
73
55
34
38
69
92
81
67
100
117
133
117
135
193
148
72
52
39
72
109
102
127
174
154
132
155
124
102
125
159
204
247
264
219
215
261
252
252
296
324
290
313
372
280
247
297
191
165
223
156
195
212
210
222
169
203
140
103
141
126
152
123
66
56
31
-25
56
147
48
2
-11
-29
107
173
81
31
-17
93
209
55
51
-19
-110
40
23
81
65
-71
-17
-9
-4
-30
-99
-79
-98
-117
-62
-132
-78
36
-70
-31
11
-28
-1
-17
-39
-48
-21
-26
-35
-47
-66
-72
-95
-31
-31
-102
-82
-49
6
16
2
30
11
33
42
13
15
-7
-15
3
-1
-30
-73
-88
-71
-99
-86
-102
-153
-127
-143
-150
-149
-152
-161
-136
-67
-49
20
41
-5
15
-6
-2
41
28
23
16
11
8
-32
-36
-31
-38
-8
-40
-43
-31
-68
-35
-61
-95
-76
-73
-47
-59
-46
-32
-57
-32
-32
-55
-31
-31
-16
34
31
27
22
16
12
-29
-40
-67
-74
-58
-82
-57
-28
22
73
75
119
134
134
173
174
191
207
197
234
235
207
207
190
206
201
174
176
189
222
186
150
143
126
150
161
169
181
179
182
167
140
143
126
105
104
