-16
9
-15
-29
-8
-21
-2
27
1
23
17
-4
34
3
14
33
13
46
25
-3
17
-13
-4
30
-16
5
8
-10
43
-2
-5
8
-38
11
-11
-43
-4
-44
-30
-16
-62
-26
-32
-45
-16
-55
-38
-26
-65
-27
-24
-32
-3
-30
-29
-27
-57
-30
-45
-60
-28
-55
-44
-20
-53
-41
-45
-59
-22
-49
-49
-26
-54
-16
-11
-12
14
-20
-10
9
-21
0
-9
-16
20
-29
-20
9
-16
21
4
-22
9
-26
-22
-2
-31
7
-3
-13
46
17
22
30
-21
7
-11
-42
-12
-42
-34
-7
-12
21
3
1
28
-20
-45
-28
-18
7
-24
-106
-52
26
14
-75
-106
30
83
76
51
-15
17
30
-73
-163
-269
-388
-486
-640
-699
-733
-780
-739
-748
-745
-730
-746
-689
-659
-697
-683
-659
-632
-576
-616
-610
-546
-581
-539
-519
-547
-490
-511
-518
-478
-503
-463
-424
-429
-350
-365
-418
-359
-379
-345
-296
-319
-241
-250
-275
-208
-228
-211
-189
-237
-205
-220
-235
-188
-252
-233
-207
-243
-188
-208
-190
-159
-197
-148
-141
-144
-111
-146
-139
-119
-151
-122
-133
-130
-81
-121
-97
-83
-108
-61
-72
-93
-56
-77
-67
-12
-43
-23
-24
-71
-33
-51
-52
-16
-52
-23
-2
-36
3
-11
-34
16
-18
-1
26
-15
33
17
10
46
1
17
38
11
47
52
35
60
26
35
34
6
35
2
18
54
40
78
75
53
83
59
54
73
34
70
69
46
84
40
38
71
34
59
56
33
84
65
74
104
49
73
78
37
92
73
65
114
70
86
91
43
85
72
58
103
71
98
118
76
118
105
79
101
70
90
107
80
113
105
93
115
85
93
100
77
96
81
78
103
88
107
116
100
127
109
97
131
102
124
148
115
157
135
123
158
114
134
147
120
153
130
128
162
113
138
158
126
180
169
160
194
152
166
174
127
157
140
115
171
147
144
166
120
156
159
128
160
127
127
146
119
150
127
111
142
114
144
163
129
160
140
122
140
110
146
149
132
175
139
130
146
107
117
112
90
131
137
131
156
118
116
129
100
132
119
111
145
106
129
158
112
160
157
117
175
127
116
154
99
131
117
89
142
100
97
117
75
114
109
80
117
99
116
130
96
107
85
84
104
78
99
97
90
121
104
103
115
97
119
110
74
97
76
71
92
48
68
78
49
82
59
56
98
65
82
84
37
87
75
66
109
53
70
87
44
91
81
62
100
61
66
106
70
91
103
69
91
82
76
98
77
93
98
71
94
55
39
66
26
50
62
43
78
64
69
85
51
62
37
15
49
23
38
52
17
53
36
27
72
33
45
50
6
47
39
35
96
61
58
69
9
52
44
17
75
32
46
83
40
88
84
48
94
54
46
63
11
55
66
40
87
64
55
77
38
43
38
12
33
19
21
47
31
47
55
38
59
37
26
42
18
42
40
18
47
26
35
51
8
27
25
16
57
30
34
56
24
52
28
-1
41
4
40
84
25
60
53
15
60
27
28
61
13
50
51
11
62
39
42
76
34
55
64
39
68
41
36
69
41
59
49
19
51
35
30
55
17
21
26
8
45
28
23
48
29
61
66
44
81
63
73
88
48
76
60
41
76
37
63
102
59
106
93
53
107
60
52
80
20
56
66
30
82
55
55
96
36
67
75
35
91
52
37
81
30
69
88
40
90
74
54
95
53
57
60
23
59
36
39
73
40
64
55
20
48
25
26
52
24
59
49
25
60
14
20
36
-11
26
33
16
57
19
21
41
-5
20
-4
-34
7
-21
-9
29
-10
15
14
-13
28
6
6
42
15
40
56
9
35
17
-22
7
-20
4
27
-14
17
4
-21
21
-14
-18
-6
-52
-21
-36
-57
-15
-48
-37
-29
-64
-23
-32
-37
-24
-76
-54
-39
-59
-23
-52
-45
-11
-41
4
4
-24
17
-9
-14
8
-30
-7
11
2
41
0
-7
28
-30
-9
1
-42
15
4
-15
32
-9
8
28
-19
24
8
-24
13
-29
-21
6
-25
14
-1
-14
19
-16
0
9
-32
-12
-22
-46
-16
-39
-26
-11
-44
-11
-20
-20
12
-19
-10
-17
-51
-16
-32
-35
0
-39
-5
2
-43
-9
-48
-45
-3
-53
-23
-12
-44
8
-3
-6
32
-16
5
20
-35
5
-14
-29
24
-9
15
45
2
25
6
-23
21
-14
-11
22
-17
16
8
-24
13
-14
-14
2
-25
1
1
-11
16
-2
-1
7
-26
-6
-15
-40
-9
-35
-30
-26
-62
-31
-53
-76
-50
-91
-89
-78
-113
-73
-92
-105
-71
-131
-102
-83
-129
-78
-108
-121
-63
-106
-81
-57
-107
-64
-72
-101
-57
-95
-92
-66
-117
-89
-97
-128
-82
-108
-109
-75
-107
-89
-83
-103
-81
-104
-101
-87
-122
-99
-107
-125
-92
-109
-92
-78
-103
-70
-86
-91
-58
-81
-50
-32
-51
-6
-27
-31
9
-36
-13
-11
-44
16
-6
0
52
5
36
56
11
61
39
12
63
23
44
77
42
96
103
73
105
68
59
81
45
79
88
66
118
98
95
127
79
97
108
74
108
93
95
130
98
120
120
91
111
82
87
107
67
91
88
77
122
87
105
128
85
131
125
107
139
92
103
133
103
140
126
116
168
128
135
148
111
161
146
115
158
114
111
135
84
115
124
95
146
130
120
153
113
127
128
89
111
89
75
94
63
73
83
69
109
87
77
104
70
88
85
55
89
78
84
102
67
91
80
43
69
45
48
52
13
43
32
24
58
22
37
46
10
46
29
15
48
6
23
53
11
44
38
5
49
26
20
42
-7
12
14
-22
16
-7
-24
9
-26
-9
0
-37
-4
-24
-25
14
-26
-11
-20
-50
0
-13
-6
4
-37
20
56
34
51
22
9
18
-15
18
18
1
33
-11
-3
18
-28
-7
-7
-26
0
-38
-31
36
5
18
4
-38
13
-31
-31
14
-34
0
10
-24
20
-14
-17
33
-34
-14
-20
-65
-12
-39
-41
-9
-37
-11
-16
-53
-29
-61
-58
-17
-28
3
-6
-31
