-81
-50
-32
-51
-6
-27
-31
9
-36
-13
-11
-44
16
-6
0
52
5
36
56
11
61
39
12
63
23
44
77
42
96
103
73
105
68
59
81
45
79
88
66
118
98
95
127
79
97
108
74
108
93
95
130
98
120
120
91
111
82
87
107
67
91
88
77
122
87
105
128
85
131
125
107
139
92
103
133
103
140
126
116
168
128
135
148
111
161
146
115
158
114
111
135
84
115
124
95
146
130
120
153
113
127
128
89
111
89
75
94
63
73
83
69
109
87
77
104
70
88
85
55
89
78
84
102
67
91
80
43
69
45
48
52
13
43
32
24
58
22
37
46
10
46
29
15
48
6
23
53
11
44
38
5
49
26
20
42
-7
12
14
-22
16
-7
-24
9
-26
-9
0
-37
-4
-24
-25
14
-26
-11
-20
-50
0
-13
-6
4
-37
20
56
34
51
22
9
18
-15
18
18
1
33
-11
-3
18
-28
-7
-7
-26
0
-38
-31
36
5
18
4
-38
13
-31
-31
14
-34
0
10
-24
20
-14
-17
33
-34
-14
-20
-65
-12
-39
-41
-9
-37
-11
-16
-53
-29
-61
-58
-17
-28
3
-6
-31
-2
-15
-21
-7
-30
-25
-26
-44
-32
-34
-21
-6
-22
-10
-29
-43
-10
-37
-29
-12
-42
-3
-13
-35
3
-23
-15
12
-29
-1
-3
-41
-6
-33
-43
-14
-49
-17
-10
-41
16
6
3
34
-12
8
19
-20
14
1
-8
40
3
12
24
-16
16
-1
-25
-2
-27
-13
-6
-46
-31
-46
-44
-20
-60
-45
-50
-63
-19
-48
-47
-23
-48
-13
-24
-51
-13
-31
-13
6
-31
4
-10
-36
11
-21
-17
17
-38
-19
-2
-43
-9
-21
-28
13
-52
-41
-7
-51
4
-4
-29
24
-31
-19
22
-5
64
42
19
74
24
51
70
22
69
54
34
75
59
77
87
81
112
92
71
78
68
83
89
78
98
84
69
83
63
88
96
61
99
74
70
129
103
147
159
132
188
159
162
207
177
238
279
288
399
407
423
462
386
393
356
286
290
206
114
28
-123
-204
-293
-466
-619
-955
-1204
-1221
-1320
-1280
-1298
-1468
-1498
-1511
-1479
-1388
-1392
-1363
-1298
-1248
-1140
-1124
-1098
-1057
-1054
-969
-969
-976
-924
-897
-837
-820
-857
-829
-778
-760
-714
-717
-698
-634
-633
-594
-590
-615
-540
-520
-535
-463
-473
-450
-395
-461
-404
-385
-406
-332
-384
-369
-323
-370
-314
-318
-354
-290
-321
-300
-252
-312
-269
-272
-269
-204
-239
-197
-176
-195
-154
-174
-160
-127
-159
-146
-152
-188
-158
-178
-186
-177
-213
-183
-192
-205
-174
-202
-199
-181
-192
-174
-185
-200
-168
-188
-183
-139
-170
-144
-130
-156
-114
-124
-115
-86
-130
-89
-43
-85
-44
-50
-71
-11
-46
-37
-4
-43
15
16
-15
62
21
19
75
15
48
50
17
80
48
48
80
26
46
55
38
79
84
77
79
76
83
40
2
-11
-66
-109
-179
-267
-302
-346
-388
-376
-379
-418
-444
-532
-599
-680
-828
-907
-1011
-1060
-1081
-1155
-1111
-1056
-1029
-946
-952
-911
-832
-861
-774
-742
-754
-666
-701
-655
-567
-597
-536
-513
-507
-413
-418
-397
-336
-352
-297
-278
-278
-206
-207
-171
-135
-137
-76
-76
-67
-20
-22
6
34
40
69
45
58
80
46
82
71
56
104
89
113
140
106
149
166
147
188
173
179
223
195
229
258
225
260
265
257
294
269
279
322
285
317
324
286
352
322
313
358
297
326
332
288
348
320
307
355
328
373
366
323
365
342
351
363
336
370
351
345
378
350
351
359
344
373
377
350
363
362
376
389
367
387
390
392
418
396
403
417
384
419
406
365
413
375
377
411
353
381
391
369
390
344
343
380
344
385
375
323
373
337
337
391
338
352
369
319
352
327
320
386
344
357
370
316
348
333
325
357
301
318
331
298
345
315
306
337
310
341
317
290
343
318
333
353
305
340
321
287
330
278
282
329
278
307
296
267
327
294
302
320
258
303
295
253
315
278
275
297
226
266
257
222
277
245
253
289
252
285
284
240
263
241
237
254
227
237
252
249
259
258
242
246
232
226
227
207
218
210
206
230
218
227
235
203
214
194
169
208
177
193
213
172
207
180
196
235
173
205
202
155
213
183
165
214
168
203
196
142
184
140
133
168
109
142
164
121
179
238
248
180
110
106
104
120
133
85
120
171
109
151
175
128
144
178
150
123
124
97
124
134
151
140
94
116
135
118
95
110
129
110
98
128
124
156
153
114
147
69
82
135
80
111
96
100
182
116
116
155
82
140
132
90
143
105
163
184
110
134
107
94
150
148
116
133
120
140
147
115
160
124
114
143
112
103
151
118
70
100
48
96
101
78
129
69
97
112
77
109
86
71
99
65
102
97
59
158
119
94
107
74
152
115
90
112
41
107
112
56
106
62
53
97
46
74
86
36
96
62
37
57
-3
46
58
5
46
56
38
73
79
81
88
52
76
73
54
127
61
23
84
10
57
92
43
123
83
55
98
29
55
41
-1
61
23
67
100
58
109
59
53
79
105
146
40
33
51
14
77
69
36
81
66
78
90
24
42
26
8
98
53
-13
34
1
-1
33
-22
8
49
26
69
36
36
87
40
50
59
19
28
34
27
41
20
33
67
57
69
53
41
74
59
70
87
105
128
46
49
78
39
96
87
42
78
40
56
91
50
84
59
44
88
39
38
63
39
77
81
27
54
41
40
86
13
31
65
2
64
65
30
99
56
44
70
-9
28
25
-20
40
-1
20
51
3
56
50
32
63
32
58
74
30
29
21
20
31
12
12
12
2
37
46
34
50
23
19
26
3
52
71
8
23
9
-12
48
13
41
38
-1
56
-5
10
54
-4
46
33
-13
32
-34
15
82
-11
46
22
35
122
5
18
15
-38
51
25
20
68
5
45
92
35
76
76
5
32
22
-13
-4
-12
-2
-3
-22
9
25
-1
23
-4
-2
13
-48
0
-20
-51
11
10
15
-29
-47
-13
-48
-24
8
-35
28
27
-23
45
1
19
42
-31
36
21
-9
49
-10
10
50
-22
43
38
-25
24
-25
-6
12
-58
-21
-45
