131
105
131
105
93
116
70
76
81
44
74
62
42
76
65
84
99
61
84
80
61
97
86
98
109
88
137
129
124
156
114
130
146
101
123
114
84
110
58
55
86
34
67
59
23
58
14
16
26
-36
-7
-22
-43
3
-44
-42
-30
-79
-51
-89
-124
-82
-134
-145
-143
-182
-143
-150
-176
-159
-192
-194
-176
-209
-192
-186
-180
-142
-183
-157
-128
-154
-125
-162
-158
-135
-193
-162
-136
-167
-121
-144
-165
-113
-161
-155
-144
-169
-100
-110
-131
-88
-117
-117
-109
-145
-92
-95
-124
-70
-87
-65
-56
-89
-9
-2
-4
32
-6
30
48
17
48
30
25
63
35
61
109
78
102
109
100
144
107
73
85
50
70
99
81
107
74
77
107
58
102
85
52
121
84
100
131
79
121
102
87
136
86
117
150
108
161
156
131
159
105
104
101
47
68
48
39
85
67
72
83
34
42
24
-12
-17
-81
-89
-78
-114
-91
-105
-131
-83
-113
-105
-83
-151
-125
-126
-143
-80
-97
-94
-48
-67
-41
-60
-86
-52
-96
-107
-103
-133
-102
-114
-148
-112
-129
-131
-104
-147
-140
-127
-149
-133
-141
-144
-119
-121
-84
-75
-93
-37
-38
-40
-11
-61
-45
-28
-75
-41
-52
-43
5
-22
29
39
7
53
27
38
73
37
76
87
69
108
74
74
95
58
83
79
73
99
83
110
105
69
85
65
51
77
47
54
82
58
87
76
53
77
45
44
61
36
77
78
53
93
51
69
98
32
45
37
25
67
42
48
87
46
70
82
36
54
28
3
19
-4
21
36
-8
25
4
-35
-7
-57
-63
-46
-78
-58
-99
-109
-82
-135
-93
-89
-116
-86
-121
-96
-70
-104
-81
-93
-105
-52
-77
-55
-23
-26
36
95
85
82
119
93
129
135
135
131
101
171
147
127
153
119
133
133
90
147
124
94
147
80
128
143
123
196
135
154
180
126
163
146
118
157
129
118
132
99
117
124
108
127
90
107
130
75
91
95
86
114
85
73
92
51
67
56
-20
13
-2
-24
-6
-53
-53
-63
-102
-66
-95
-119
-87
-143
-129
-127
-185
-148
-171
-176
-147
-200
-103
348
779
931
1029
939
844
861
876
885
809
788
765
734
761
732
655
651
635
675
656
508
562
568
582
563
423
495
480
449
451
368
415
426
400
423
383
366
402
373
379
359
307
368
345
324
326
298
352
340
307
331
307
286
287
238
247
265
227
255
205
171
190
134
155
139
105
127
107
113
105
57
63
51
27
65
44
56
84
34
62
58
31
55
26
17
8
-49
-35
-16
-47
-22
-31
-36
9
-30
-25
-23
-64
-31
-30
-18
6
-21
1
1
-30
-16
-54
-48
-15
-53
-42
-61
-93
-63
-91
-95
-59
-79
-74
-73
-80
-53
-56
-58
-44
-89
-510
-1010
-1142
-1227
-1153
-1036
-1097
-1129
-1123
-1092
-1073
-1084
-1092
-1108
-1100
-1022
-998
-993
-1041
-1021
-905
-935
-920
-962
-934
-816
-887
-865
-851
-830
-748
-801
-765
-725
-747
-686
-687
-681
-633
-652
-603
-595
-628
-589
-624
-596
-582
-642
-602
-599
-592
-559
-591
-573
-529
-552
-549
-541
-561
-529
-542
-570
-552
-585
-607
-596
-624
-604
-552
-514
-449
-461
-447
-400
-418
-371
-378
-396
-340
-350
-307
-280
-319
-295
-329
-341
-298
-341
-322
-317
-355
-295
-317
-318
-270
-303
-280
-285
-316
-276
-270
-255
-220
-257
-245
-233
-254
-219
-233
-232
-197
-218
-218
-205
-212
-191
-189
-192
-181
-207
-183
-178
-209
-160
-161
-174
-140
-177
-169
-137
-171
-136
-141
-157
-109
-148
-149
-142
-173
-130
-138
-151
-128
-164
-149
-117
-129
-93
-109
-119
-78
-90
-61
-51
-65
-34
-46
-53
-32
-43
-27
-18
-57
-36
-51
-77
-35
-38
-13
7
-23
-20
-28
-36
-21
-40
-24
8
-15
30
31
4
34
-14
-2
27
-5
35
17
-12
30
-7
9
25
-29
20
-5
-22
42
-13
11
37
1
53
15
-2
33
-8
19
27
-3
48
46
26
51
31
49
61
47
62
43
36
39
18
45
66
35
47
54
50
83
70
79
79
41
72
59
35
64
30
53
76
29
75
69
58
99
41
54
90
61
105
90
70
109
75
82
99
56
78
83
75
120
91
91
119
84
104
88
64
107
73
67
95
66
81
67
39
70
37
49
81
37
60
23
-6
49
22
34
31
-6
36
32
17
47
10
10
29
-5
43
25
-9
49
48
64
81
43
68
73
42
66
33
34
49
-5
39
49
31
75
37
54
82
12
24
11
-47
-28
-45
-47
-29
-63
-45
-75
-122
-91
-134
-143
-117
-153
-143
-148
-175
-147
-187
-198
-151
-186
-158
-152
-169
-119
-136
-136
-115
-133
-99
-86
-96
-61
-95
-92
-65
-106
-92
-103
-124
-104
-109
-85
-51
-60
-30
-35
-61
-10
-24
-26
-4
-41
-10
3
-25
8
-4
13
62
33
60
69
52
108
84
84
126
81
94
93
66
109
104
108
133
114
151
163
133
169
156
167
222
195
222
223
206
257
249
271
304
267
299
305
280
326
292
291
316
265
302
302
287
347
307
306
316
264
309
300
275
309
285
292
306
272
276
253
232
269
253
246
249
208
205
188
158
188
177
173
200
155
169
189
165
204
183
170
211
178
197
191
145
176
155
153
164
124
150
148
117
127
83
99
121
72
119
128
120
154
119
117
125
92
110
122
123
166
136
132
140
85
99
74
50
83
46
46
81
54
77
82
28
64
47
18
62
35
42
49
25
70
67
60
83
50
58
67
53
93
84
97
114
74
118
120
103
139
111
111
123
97
113
106
85
106
81
74
74
34
51
39
7
7
-28
-19
10
-23
-3
19
0
36
6
-14
0
-48
-13
-2
-12
39
9
-7
19
-33
-39
-75
-166
-156
-210
-239
-206
-238
-187
-134
-130
-93
-111
-125
-93
-140
-150
-134
-142
-89
-78
-64
-25
-17
3
-6
-41
-5
-22
-58
-27
-82
-87
-66
-83
-28
-21
-34
-3
-13
-9
-12
-77
-65
-75
-99
-68
-86
-29
2
-41
-18
-46
-61
-16
-57
-41
-14
-55
-11
-30
-59
-17
-53
-37
-16
-64
-36
-43
-43
-6
-48
-21
3
-12
22
-17
-21
1
-36
-9
-13
-48
-12
-17
-9
23
-2
14
13
-16
2
-27
-31
8
-11
9
23
-6
22
14
-3
2
-52
-42
-19
