-93
-162
-126
-204
-224
-153
-176
-109
-88
-125
-82
-136
-152
-102
-164
-143
-147
-244
-197
-197
-187
-87
-130
-125
-98
-146
-77
-117
-158
-84
-123
-70
-76
-183
-142
-171
-172
-101
-143
-61
12
12
116
71
32
49
-54
-28
-21
-71
-14
-58
-52
7
-53
-11
3
-46
7
-57
-68
23
5
80
106
66
155
138
129
176
111
160
185
134
208
142
100
162
87
123
123
38
105
77
58
139
94
126
142
60
95
41
11
90
47
81
115
51
89
70
61
113
54
91
121
69
145
141
120
163
82
98
97
1
52
0
-37
14
-74
-64
-48
-90
-22
-56
-71
-13
-83
-62
-59
-140
-95
-136
-162
-119
-190
-147
-127
-214
-166
-185
-192
-104
-164
-146
-153
-233
-156
-233
-269
-168
-221
-208
-234
-294
-234
-290
-295
-262
-345
-267
-250
-330
-267
-294
-245
-199
-326
-297
-359
-465
-487
-637
-688
-787
-1045
-1136
-1139
-1188
-1174
-1308
-1433
-1424
-1595
-1645
-1639
-1721
-1581
-1514
-1496
-1423
-1507
-1477
-1473
-1529
-1406
-1390
-1372
-1456
-1796
-1906
-1910
-1574
-1418
-1838
-1846
-1817
-1437
-1368
-1974
-1991
-1742
-1301
-1369
-1970
-1947
-1548
-1267
-1334
-1840
-1790
-1319
-1209
-1292
-1711
-1595
-1198
-1171
-1242
-1560
-1393
-1089
-1041
-1144
-1413
-1261
-1049
-1010
-1118
-1292
-1183
-976
-964
-1087
-1190
-1111
-904
-932
-1029
-1119
-1088
-911
-923
-953
-1030
-996
-865
-864
-885
-973
-944
-820
-798
-844
-901
-871
-760
-747
-807
-828
-803
-705
-712
-759
-760
-741
-662
-676
-703
-704
-687
-624
-633
-652
-658
-635
-587
-589
-612
-612
-586
-550
-550
-576
-565
-542
-515
-518
-538
-521
-479
-380
-340
-349
-325
-252
-200
-289
-307
-299
-142
-106
-288
-260
-336
-263
-191
-302
-263
-274
-236
-206
-279
-241
-161
-162
-173
-228
-216
-83
-50
-114
-191
-112
135
221
32
-145
34
320
387
195
169
565
833
847
533
480
880
915
800
515
441
781
811
728
594
587
916
978
840
789
781
970
1070
966
920
899
959
892
655
560
593
683
674
513
400
421
491
468
367
296
344
374
335
339
292
309
379
244
176
276
376
513
413
411
488
441
591
491
388
470
470
526
502
504
616
635
742
933
915
1006
1030
972
1080
1018
1051
1048
900
931
1010
1074
1102
1060
1004
1060
1044
984
925
843
927
891
873
887
822
905
880
841
841
745
757
768
678
696
638
558
633
565
571
608
575
672
659
580
597
544
458
470
360
328
452
405
434
433
325
359
285
281
347
293
407
431
380
427
312
316
367
285
316
249
191
195
109
105
17
-4
57
-52
-69
-121
-261
-155
-35
-39
-42
-381
-348
52
-16
-131
-546
-489
-140
-287
-381
-777
-613
-205
-439
-592
-711
-646
-264
-458
-702
-584
-660
-381
-563
-726
-492
-531
-260
-305
-312
-334
-465
-388
-498
-517
-565
-548
-356
-356
-425
-440
-534
-347
-344
-468
-460
-617
-360
-378
-543
-517
-655
-397
-334
-411
-314
-378
-228
-205
-354
-320
-370
-329
-230
-317
-262
-254
-330
-226
-335
-489
-647
-559
-826
-1208
-1042
-1004
-468
-577
-714
-634
-787
-315
-395
-303
-41
162
688
670
519
868
852
950
1139
873
1228
1142
1152
1283
913
1213
1061
981
959
611
794
731
652
584
358
171
176
382
401
471
338
328
485
462
424
191
263
513
439
382
655
866
1078
1192
1114
1237
1039
1114
1139
1082
1266
961
930
892
854
882
621
630
751
733
701
717
667
777
756
640
726
636
598
488
389
419
360
289
276
318
311
450
493
507
493
366
437
363
318
340
252
313
326
272
275
162
40
27
-24
30
6
-287
-282
-204
-231
-207
-649
-599
-256
-347
-237
-788
-929
-479
-749
-837
-1030
-1232
-864
-1146
-1224
-967
-1328
-678
-914
-1176
-776
-1394
-864
-1102
-1105
-824
-1544
-1082
-1159
-965
-907
-1332
-921
-987
-859
-734
-1036
-989
-850
-905
-1080
-1245
-1007
-886
-864
-941
-1288
-925
-837
-823
-677
-1028
-770
-702
-866
-836
-1050
-762
-629
-780
-562
-686
-710
-566
-758
-647
-682
-752
-537
-675
-596
-575
-725
-527
-655
-772
-618
-617
-590
-729
-927
-651
-506
-613
-691
-852
-624
-434
-640
-844
-777
-585
-451
-549
-883
-669
-539
-492
-589
-1051
-646
-503
-526
-603
-1027
-612
-454
-483
-385
-700
-586
-334
-538
-525
-554
-584
-316
-509
-529
-464
-561
-335
-259
-242
-375
-462
-373
-221
-216
-417
-347
-358
-8
-59
-448
-235
-433
-332
-212
-450
-265
-255
-202
-92
-386
-240
-12
-67
3
-287
-198
118
27
24
-243
-239
114
88
-35
-223
-103
205
112
-74
-163
-26
143
45
-100
-128
-19
87
29
-76
-63
39
181
120
-31
259
368
419
356
-28
309
387
402
336
27
445
479
549
343
185
614
529
649
373
316
650
489
586
341
233
474
425
457
413
353
578
636
489
538
454
563
721
547
653
667
705
912
859
752
680
599
579
618
474
467
425
342
434
297
370
475
479
604
492
509
667
653
666
581
496
630
712
718
718
627
747
869
710
682
599
663
834
659
656
646
641
764
577
533
628
600
728
698
619
766
771
799
809
669
755
801
752
808
694
697
781
663
655
604
592
750
702
689
762
740
870
903
880
973
929
933
932
821
853
859
812
827
711
692
743
699
775
753
716
811
782
783
809
734
771
762
686
714
660
683
756
712
783
782
741
825
759
761
834
775
830
831
772
873
851
836
890
819
911
944
871
907
834
847
920
840
861
858
802
895
830
802
846
764
839
849
805
882
819
799
819
691
693
670
619
699
636
635
675
589
620
595
532
610
553
538
600
522
582
590
514
582
515
478
501
369
398
392
286
368
318
309
372
238
292
324
263
387
320
283
350
276
348
363
301
408
400
433
532
462
524
531
483
541
459
459
494
410
416
389
325
388
350
318
363
289
304
305
252
308
273
255
290
215
249
296
267
335
276
222
266
184
234
277
234
352
335
345
431
355
421
428
359
455
421
445
558
505
600
631
564
647
571
591
672
563
602
603
541
617
540
487
542
476
558
600
534
619
571
516
556
488
549
617
584
665
635
627
709
631
650
638
541
612
555
539
608
505
533
510
416
496
420
399
474
356
390
369
265
381
344
312
342
212
218
178
76
159
121
125
206
103
126
144
108
222
189
151
193
105
125
114
19
87
71
80
160
104
189
263
