-45
-16
-47
-18
-18
-46
-11
-49
-58
-32
-53
3
-3
-32
4
-36
-40
-30
-64
-29
-40
-70
-22
-36
-32
-4
-51
-26
-24
-53
-18
-46
-36
-19
-64
-33
-24
-48
-12
-33
-32
-9
-65
-46
-48
-55
-17
-51
-35
-29
-58
-29
-40
-56
-28
-55
-47
-28
-59
-36
-45
-53
-19
-48
-47
-33
-72
-46
-49
-75
-35
-65
-71
-53
-89
-54
-56
-84
-45
-76
-70
-30
-63
-41
-37
-69
-41
-56
-52
-35
-86
-69
-49
-65
-22
-33
-49
-14
-49
-28
-7
-45
-12
-31
-28
19
-9
17
24
-2
59
47
54
92
49
89
86
67
126
93
98
124
87
113
97
67
94
56
75
100
56
95
88
56
98
65
62
81
40
71
63
18
48
24
33
67
23
53
49
21
65
32
45
77
37
69
62
33
68
30
52
83
29
50
22
-9
27
-9
-9
18
-13
15
15
-4
34
-9
-14
10
-29
-8
-25
-64
-31
-54
-46
-10
-41
-6
-3
-14
33
3
2
14
-36
-16
-37
-90
-66
-90
-75
-45
-70
-39
-51
-60
-14
-45
-43
-28
-77
-50
-54
-92
-51
-68
-67
-36
-71
-32
-21
-37
8
-29
-30
-7
-36
5
-6
-25
19
-23
-9
21
-23
26
28
6
43
17
31
57
47
77
46
17
40
9
29
52
23
51
38
18
52
22
18
39
-6
17
18
-6
39
17
20
43
7
42
39
15
63
30
41
69
9
32
23
-5
40
3
6
23
-35
-5
-17
-50
-14
-49
-44
-26
-66
-30
-29
-40
8
-18
-14
1
-35
-1
-8
-20
26
-9
3
26
-25
4
4
-12
22
-1
19
40
3
28
15
-2
37
7
9
27
0
27
23
0
24
8
7
19
-22
-8
0
-25
22
13
6
26
-25
8
34
9
50
12
-6
38
8
51
40
-2
71
19
35
82
5
30
26
25
78
24
-18
26
17
39
45
-16
-12
-73
-60
-16
-76
-102
-204
-316
-330
-378
-417
-420
-504
-490
-510
-626
-623
-720
-758
-750
-827
-782
-809
-867
-830
-863
-873
-859
-912
-889
-874
-909
-868
-871
-854
-802
-837
-822
-823
-841
-808
-844
-860
-843
-877
-863
-863
-902
-899
-945
-949
-944
-1020
-1044
-1110
-1187
-1218
-1324
-1394
-1446
-1532
-1542
-1596
-1667
-1672
-1714
-1768
-1991
-2038
-2038
-1960
-1723
-1756
-1801
-1681
-1528
-1375
-1249
-1180
-964
-635
-559
-514
-574
-768
-897
-960
-1073
-1156
-1251
-1516
-1638
-1645
-1728
-1920
-1894
-1651
-1551
-1617
-1848
-1801
-1529
-1440
-1528
-1735
-1644
-1396
-1356
-1474
-1614
-1484
-1299
-1288
-1203
-1153
-1257
-1209
-1149
-1046
-1047
-1204
-1141
-1117
-875
-895
-1148
-1023
-937
-734
-855
-1048
-881
-794
-650
-662
-826
-648
-492
-470
-324
-524
-432
-309
-411
-200
-414
-364
-214
-303
-137
-249
-254
-147
-174
-124
-160
-212
-137
-142
-131
-65
-138
-61
-22
-20
14
-51
26
65
83
80
76
134
171
218
156
163
188
201
233
179
190
201
200
231
222
192
248
297
314
315
253
250
200
170
149
61
31
-35
-95
-142
-242
-307
-358
-333
-165
-63
26
157
188
291
365
335
389
372
385
498
500
543
586
535
582
619
633
677
677
743
769
727
758
763
777
818
778
804
883
912
999
1018
1016
1072
1042
1051
1058
1041
1080
1072
1066
1088
1066
1103
1132
1079
1081
1029
1016
1062
1020
1044
1033
1005
1047
1016
975
1024
1011
984
1002
932
915
872
839
894
866
881
909
851
863
857
796
794
692
628
587
460
499
493
468
458
329
317
270
166
176
97
36
44
2
54
38
19
76
-21
-50
-56
-168
-144
-117
-168
-164
-212
-249
-236
-282
-273
-276
-330
-280
-268
-270
-218
-256
-231
-192
-214
-169
-182
-199
-118
-119
-118
-75
-96
-64
-58
-63
-9
-27
-46
-13
-17
-8
12
-13
10
21
46
80
43
65
56
30
61
30
30
41
8
56
66
34
79
73
99
124
73
101
83
60
97
65
76
94
59
80
80
70
106
77
74
88
62
102
104
85
108
74
77
96
65
93
93
76
125
110
115
140
81
68
51
9
43
29
11
25
-22
8
10
-12
44
6
15
53
10
41
51
14
34
8
16
46
9
54
51
33
70
30
36
40
8
28
15
1
43
22
12
40
12
35
37
13
51
11
15
69
34
77
97
54
91
68
64
84
17
47
50
30
101
83
102
124
83
115
97
83
112
73
88
111
84
102
89
90
113
93
111
110
85
106
102
92
125
106
103
128
93
93
78
42
71
58
54
89
81
116
122
97
139
110
118
161
126
160
159
131
183
176
191
220
188
219
220
199
243
215
218
255
225
265
280
263
305
284
293
315
272
306
310
294
357
338
335
360
329
366
378
367
401
382
411
438
398
418
391
367
407
388
415
445
418
457
459
439
467
440
475
509
465
497
484
456
508
490
486
500
451
484
497
472
505
467
461
499
467
499
490
443
490
458
464
499
455
492
491
467
506
454
452
486
442
487
483
461
505
456
456
466
417
434
405
373
394
356
355
373
343
366
357
335
358
319
317
329
296
332
327
292
321
310
307
325
291
310
303
279
325
290
286
311
273
291
278
246
274
238
239
267
220
258
250
225
278
251
263
290
261
306
315
291
330
295
297
323
273
308
305
291
338
318
345
360
317
350
345
328
365
330
340
368
333
361
337
316
339
286
302
338
317
338
319
293
309
279
292
312
268
294
293
264
285
239
236
245
214
238
202
172
216
200
213
245
204
234
237
210
234
183
183
208
179
218
201
170
224
207
209
231
186
212
196
157
187
158
172
182
132
153
135
110
148
116
114
127
91
117
96
85
127
106
125
128
78
94
93
85
127
98
96
121
97
146
141
119
154
123
130
163
137
164
171
121
149
125
114
142
93
113
122
100
128
99
92
105
56
66
58
14
43
15
17
38
-9
9
8
-2
21
-11
-17
14
-6
20
12
-33
2
-18
-10
18
-14
11
8
-15
12
-22
-34
-9
-58
-20
-7
-30
27
-19
2
51
-18
-11
-37
-82
-40
-59
-44
-16
-49
-9
-28
-41
17
-32
-22
-15
-76
-24
-34
-52
-16
-43
-23
-20
-44
-20
-53
-59
-23
