-32
-49
-82
-30
-66
-64
-45
-68
-37
-43
-54
-40
-71
-65
-39
-50
-44
-62
-81
-61
-76
-73
-28
-34
-19
-20
-66
-50
-65
-57
-22
-55
-26
-31
-64
-15
-50
-61
-27
-84
-69
-76
-136
-99
-118
-110
-67
-112
-84
-86
-121
-94
-126
-120
-92
-127
-93
-86
-105
-60
-89
-86
-50
-58
-24
-37
-59
-30
-33
-4
37
25
48
49
48
86
55
56
92
72
89
93
58
107
109
91
128
62
68
100
62
118
104
92
124
84
143
150
89
126
97
89
110
46
75
92
73
116
57
51
62
9
30
9
-13
7
-20
-12
20
-14
5
24
-4
34
15
9
37
-1
15
0
-32
16
-2
-20
-2
-51
-27
-28
-63
-6
-42
-29
12
-43
-3
-14
-49
6
-34
-30
-3
-64
-20
-29
-79
-37
-90
-97
-90
-151
-111
-128
-133
-88
-146
-133
-114
-163
-134
-151
-167
-115
-145
-125
-92
-128
-99
-94
-105
-70
-89
-99
-79
-113
-80
-57
-108
-60
-67
-75
-5
-31
-8
16
-19
35
33
41
87
41
75
79
42
99
72
99
151
98
152
152
125
187
158
169
209
178
215
199
161
180
129
126
129
88
122
133
138
173
141
139
161
125
127
121
96
125
120
119
141
113
134
129
76
109
84
69
108
54
70
69
24
67
37
29
62
29
75
83
45
85
41
42
75
20
50
43
22
59
17
23
60
41
73
65
30
53
22
24
40
-8
31
21
-19
22
-11
-4
24
-10
25
20
-16
18
-14
-11
26
-20
5
7
-12
36
-3
4
39
-11
21
29
-13
29
15
-2
44
37
59
61
29
59
34
22
26
3
51
47
20
60
50
71
96
49
63
95
110
121
100
87
103
111
184
233
157
142
87
80
124
44
23
-11
-57
-33
-55
-61
-33
-100
-125
-136
-183
-152
-210
-216
-201
-253
-218
-223
-208
-172
-208
-221
-193
-189
-188
-198
-237
-202
-217
-210
-156
-173
-132
-156
-182
-150
-212
-205
-161
-189
-158
-167
-222
-195
-210
-198
-200
-227
-168
-163
-138
-90
-111
-115
-143
-167
-102
-113
-131
-95
-119
-114
-96
-117
-97
-98
-143
-154
-176
-162
-115
-116
-78
-99
-124
-49
-88
-92
-101
-202
-176
-183
-19
361
476
581
636
490
512
500
471
485
395
399
389
356
407
378
386
417
400
434
408
399
428
408
385
354
348
375
383
328
320
316
284
311
281
246
222
181
201
199
161
165
107
121
143
71
119
91
63
93
55
89
90
50
62
13
2
35
-23
-24
-39
-54
-17
-50
-54
-82
-114
-82
-102
-118
-95
-116
-122
-109
-153
-154
-124
-141
-123
-101
-120
-120
-151
-170
-130
-151
-142
-125
-165
-143
-164
-173
-130
-170
-167
-168
-180
-104
-139
-160
-119
-160
-77
-33
-95
-68
-136
-120
-71
-182
-140
-152
-227
-118
-122
-162
-107
-159
-136
-126
-198
-155
-228
-286
-268
-380
-389
-340
-370
-367
-425
-488
-473
-510
-504
-528
-590
-599
-644
-598
-576
-610
-579
-622
-627
-567
-626
-658
-638
-680
-669
-694
-718
-671
-704
-698
-665
-655
-596
-565
-590
-591
-573
-559
-510
-492
-448
-430
-455
-421
-436
-443
-419
-425
-409
-424
-449
-413
-459
-492
-411
-417
-400
-404
-448
-420
-462
-420
-376
-445
-385
-367
-433
-359
-433
-535
-469
-507
-469
-507
-639
-648
-707
-686
-751
-991
-1002
-1061
-1218
-1236
-1499
-1703
-1764
-1861
-1783
-1845
-1976
-1933
-1884
-1764
-1639
-1649
-1557
-1428
-1286
-1152
-1150
-1119
-1117
-1079
-992
-962
-919
-901
-853
-763
-735
-724
-714
-716
-674
-645
-647
-643
-636
-610
-600
-557
-488
-454
-394
-399
-372
-338
-354
-321
-350
-315
-295
-287
-207
-217
-186
-124
-138
-112
-138
-189
-124
-131
-106
-73
-111
-50
-41
-4
40
9
58
41
18
64
-13
-18
49
45
101
88
48
64
67
140
155
116
130
84
79
117
86
121
149
117
139
120
116
164
121
90
86
37
60
70
50
70
40
45
66
41
101
92
39
66
27
47
77
55
83
68
57
64
48
69
69
31
45
37
43
83
58
55
50
38
54
30
4
8
-21
-7
45
27
55
42
-9
29
0
14
49
6
70
86
61
110
60
52
69
6
31
11
-1
62
38
67
94
93
141
102
80
91
36
68
100
63
109
137
147
184
151
130
120
93
124
104
65
112
103
126
183
157
194
190
143
153
86
82
114
81
120
121
91
139
123
150
192
120
145
129
85
133
106
127
182
172
219
226
199
244
205
232
278
228
278
271
260
319
300
326
356
327
367
343
287
316
290
301
327
305
323
331
351
380
377
394
400
378
401
383
355
405
410
420
453
431
443
467
459
462
414
399
423
394
404
387
361
402
390
404
446
419
463
487
468
494
461
476
496
478
506
474
465
498
466
464
468
441
488
475
446
463
420
438
443
401
408
390
375
407
413
406
423
408
406
390
347
349
321
315
319
286
300
307
297
316
297
283
280
232
249
237
217
245
195
202
202
139
164
133
110
170
141
146
163
120
145
142
129
164
136
129
135
104
145
143
114
143
114
117
147
90
115
145
102
151
136
123
166
104
115
102
64
136
112
125
170
134
179
171
151
208
168
193
229
171
207
182
174
234
210
232
230
197
227
212
205
231
205
230
236
190
225
218
211
248
210
211
247
220
227
212
164
194
170
157
192
137
158
175
136
187
156
148
200
153
160
161
119
177
157
142
174
108
152
154
112
168
114
114
154
119
159
145
103
133
80
84
128
100
129
108
110
152
122
145
126
87
171
185
104
106
86
76
105
85
121
105
84
138
96
99
123
61
97
127
93
115
62
71
108
62
118
109
102
143
94
105
115
73
81
55
21
63
28
32
69
36
51
-9
-45
-26
-62
-50
-28
-42
-26
-29
-23
18
-23
-15
-31
-73
-25
-54
-34
16
-5
18
9
-14
20
2
-16
-5
-33
18
42
23
70
58
54
76
31
17
44
39
85
112
77
80
71
103
145
94
91
103
74
106
111
115
167
150
156
153
109
138
112
106
135
84
105
114
73
98
65
