-32
-2
13
-25
13
46
23
36
-5
-28
8
-15
10
34
-18
14
7
-3
49
-7
21
44
-14
42
21
17
69
24
40
34
-14
8
-15
-26
-5
-35
4
-14
-45
7
-32
-19
-18
-57
-19
-22
-12
40
22
16
27
-38
-33
-27
-54
5
-4
21
71
34
74
83
37
58
14
1
49
11
47
58
31
73
15
-16
-25
-67
-22
-50
-51
22
-4
45
36
-43
-15
-59
-74
-53
-91
-66
-29
-25
27
35
-2
-13
-77
-97
-94
-113
-76
-37
-13
9
10
9
-2
-51
-60
-76
-83
-14
3
26
59
41
55
32
-34
-31
-52
-49
10
18
68
82
57
81
23
-11
-13
-77
-57
-41
-41
27
14
50
75
-9
-1
-73
-137
-107
-124
-76
-37
-32
12
23
23
25
-28
-49
-51
-82
-64
-58
-39
7
17
36
57
35
21
12
-33
-23
-30
-44
-6
-21
14
41
13
62
59
24
25
-32
-34
-12
-30
31
36
50
107
49
66
46
-6
34
-38
-34
5
-54
-5
25
9
45
9
16
43
11
39
16
-13
-13
-25
19
45
43
48
42
30
31
29
23
31
28
26
32
33
77
54
5
12
-25
-16
-20
-60
-25
-34
-23
12
-17
21
9
-27
38
6
-9
5
-57
-21
-38
-73
-15
-45
-28
-8
-41
-7
0
5
14
-19
-16
-1
-50
-26
-3
-3
52
34
40
51
6
2
12
8
41
27
20
78
51
84
93
37
68
33
18
49
23
39
48
25
66
49
26
38
-5
19
17
-28
-3
-9
1
18
6
27
12
11
32
-3
8
22
1
49
42
29
52
9
28
42
5
33
31
-18
-4
-15
-40
-33
-86
-102
-102
-137
-118
-137
-147
-113
-156
-142
-142
-197
-158
-176
-196
-165
-219
-188
-151
-167
-94
-112
-110
-106
12
56
-569
-955
-1030
-1199
-955
-857
-941
-852
-879
-811
-759
-855
-749
-778
-802
-635
-554
-544
-648
-592
-601
-650
-640
-732
-573
-455
-532
-560
-308
-206
-470
-532
-645
-514
-277
-457
-540
-564
-606
-407
-362
-382
-303
-455
-367
-330
-379
-376
-561
-392
-298
-301
-256
-367
-275
-209
-287
-355
-364
-318
-302
-294
-285
-240
-189
-163
-146
-171
-192
-134
-166
-212
-207
-263
-118
21
-78
-91
-136
-81
-13
-128
-90
-117
-135
-106
-70
-15
34
99
82
35
152
309
576
417
-131
-29
137
260
410
424
324
398
578
596
625
600
671
706
743
846
901
766
838
1002
940
1064
765
620
865
697
698
670
703
792
645
664
711
693
754
759
653
718
684
737
943
642
465
531
409
496
561
564
575
474
403
423
444
499
486
371
444
448
500
434
336
463
418
448
369
343
381
321
416
326
301
299
249
372
374
296
323
238
248
286
129
248
269
259
305
221
267
205
210
224
214
340
342
228
233
367
301
274
327
192
180
151
114
213
166
154
223
412
955
1039
187
-230
119
295
379
584
182
-207
356
234
91
607
338
188
510
752
604
186
72
167
555
564
324
386
412
733
645
109
352
399
187
534
530
453
270
83
302
214
511
469
213
681
595
421
20
-480
-901
-1323
-1264
-1374
-1264
-1227
-1623
-1461
-1281
-1541
-1125
-1041
-1213
-960
-1194
-1067
-1342
-1714
-1416
-1644
-1666
-1461
-1445
-1512
-1580
-1710
-1762
-1603
-1641
-1592
-1477
-1590
-1775
-1630
-1785
-1844
-1550
-1679
-1434
-1636
-1695
-1687
-2038
-1971
-1815
-1731
-1676
-1884
-1887
-1718
-1605
-1589
-1829
-1926
-1740
-2025
-1907
-1828
-1836
-1786
-1901
-1743
-1799
-1593
-1724
-1955
-1718
-1620
-1494
-1673
-1804
-1590
-1447
-1466
-1573
-1641
-1459
-1360
-1440
-1440
-1504
-1354
-1305
-1342
-1310
-1404
-1269
-1226
-1230
-1237
-1310
-1183
-1129
-1145
-1183
-1201
-1100
-1051
-1093
-1108
-1090
-1026
-987
-1036
-1019
-1008
-966
-928
-962
-939
-946
-905
-871
-891
-878
-884
-836
-809
-832
-831
-815
-777
-762
-779
-772
-748
-728
-712
-726
-715
-696
-685
-666
-674
-662
-650
-639
-621
-628
-620
-610
-593
-578
-587
-580
-564
-552
-544
-546
-541
-524
-515
-508
-509
-504
-488
-484
-475
-472
-469
-462
-455
-445
-442
-434
-427
-424
-420
-415
-408
-399
-391
-387
-384
-376
-369
-368
-363
-358
-352
-347
-341
-336
-335
-328
-323
-321
-315
-312
-306
-302
-300
-293
-291
-286
-279
-277
-272
-266
-263
-263
-257
-255
-252
-245
-243
-241
-241
-239
-232
-231
-228
-220
-220
-216
-211
-210
-207
-205
-201
-197
-198
-194
-189
-191
-186
-182
-182
-166
-163
-172
-166
-143
-4
-17
-149
-116
-42
158
125
-59
-32
80
279
203
-4
46
177
278
234
66
139
303
332
332
212
296
444
405
417
342
388
494
492
507
437
452
597
614
539
517
514
598
637
552
555
600
669
698
661
663
695
720
730
720
680
741
776
775
825
804
871
909
815
799
794
791
865
855
857
877
866
939
919
917
958
896
935
955
939
986
934
956
998
980
1038
1040
1030
1033
973
985
1032
1038
1079
1069
1087
1119
1053
1054
1077
1065
1081
1078
1076
1126
1103
1080
1105
1069
1091
1111
1094
1178
1206
1123
1098
1055
1053
1106
1082
1129
1116
1069
1125
1093
1126
1181
1133
1177
1173
1148
1200
1149
1148
1167
1122
1194
1166
1127
1179
1121
1159
1173
1148
1208
1161
1156
1166
1100
1158
1175
1156
1212
1162
1162
1143
1075
1147
1137
1114
1140
1095
1162
1188
1104
1154
1124
1114
1169
1106
1134
1110
1062
1104
1084
1102
1125
1065
1087
1101
1063
1116
1090
1085
1107
1058
1080
1085
1069
1064
1040
1024
1040
1039
1021
1012
970
998
1009
976
1008
981
975
1009
949
955
987
935
943
928
918
945
899
922
919
897
952
896
887
944
920
939
910
898
940
883
904
935
902
932
899
864
926
898
898
928
869
907
906
860
894
862
858
889
849
862
842
801
874
858
840
856
791
851
845
806
855
808
845
823
759
785
746
761
807
767
755
733
671
708
703
694
683
655
708
703
692
693
663
664
710
689
658
661
616
650
632
592
621
581
615
622
554
600
557
520
597
525
517
568
526
587
588
563
588
546
565
531
489
532
493
489
502
444
477
518
479
483
466
456
477
454
455
447
430
457
470
458
471
440
428
477
451
423
392
349
402
404
387
426
369
362
368
307
362
344
327
365
300
332
333
293
359
310
294
336
289
337
329
293
349
301
381
455
338
330
