69
69
62
56
52
66
92
68
63
47
25
82
21
3
34
-18
34
26
6
35
4
32
42
17
61
53
38
62
17
34
44
22
68
34
5
17
-16
-13
-15
-29
18
12
-30
-3
-24
11
40
-30
-5
-23
-31
15
-24
-2
-7
-70
-36
-81
-75
20
-27
27
55
9
50
-16
-15
101
42
-61
1
-102
-53
244
196
140
26
-88
146
158
168
424
312
217
-47
-242
230
285
-36
-130
20
-28
-14
192
-85
-133
-98
-394
-354
-371
-483
-356
-526
-518
-1235
-2038
-2038
-2038
-1955
-1856
-2038
-1910
-1878
-1861
-1886
-2038
-2028
-2038
-2038
-1810
-1990
-1900
-2038
-2038
-1797
-1958
-1866
-2038
-2038
-1769
-1909
-1773
-1752
-1848
-1746
-1721
-1650
-1736
-1850
-1645
-1549
-1548
-1645
-1746
-1476
-1436
-1494
-1559
-1577
-1345
-1382
-1423
-1434
-1417
-1285
-1319
-1320
-1316
-1319
-1236
-1214
-1221
-1222
-1239
-1155
-1107
-1152
-1156
-1151
-1058
-1041
-1093
-1072
-1056
-982
-988
-1022
-988
-974
-935
-933
-939
-921
-909
-879
-862
-868
-863
-847
-805
-667
-688
-796
-746
-602
-353
-398
-548
-502
-348
-103
-182
-365
-295
-102
80
21
-166
-58
135
193
197
63
161
340
332
334
258
343
509
512
494
446
461
586
625
560
538
571
660
689
606
591
650
712
728
692
703
782
829
831
800
788
845
856
863
865
842
918
939
917
908
840
885
909
855
857
816
841
899
852
862
869
853
907
874
859
878
850
889
891
868
908
907
900
916
884
898
923
896
904
887
867
905
878
858
865
812
838
826
780
815
785
807
831
775
799
781
768
808
746
742
741
704
749
696
684
717
671
722
722
693
734
698
686
683
624
655
654
615
641
604
608
653
627
625
610
581
600
588
587
620
594
619
637
596
623
606
587
623
583
583
608
573
597
584
554
573
535
536
538
501
536
533
522
550
520
542
549
515
539
517
515
531
502
513
503
490
516
488
481
494
459
475
480
459
488
469
455
472
441
446
453
423
442
429
407
428
383
385
415
381
420
412
392
446
417
428
451
405
433
413
370
404
374
368
376
338
365
359
388
559
643
716
804
786
810
819
789
803
778
764
786
737
731
720
658
688
663
666
673
603
632
609
571
577
517
573
636
586
636
631
598
647
594
583
579
508
542
552
542
560
492
486
520
468
467
433
396
418
351
342
338
275
305
264
231
279
232
235
234
181
221
174
122
153
105
243
813
1214
1296
1384
1223
1153
1201
1157
1159
1084
1084
1120
1066
1125
1121
990
1004
953
988
977
825
920
882
872
864
735
829
806
740
708
586
569
521
417
417
364
311
339
297
301
274
245
294
256
223
208
190
205
181
116
119
148
115
108
76
61
92
56
76
86
59
59
13
0
3
-42
-36
-38
-68
-46
-84
-73
-32
-78
-71
-111
-147
-128
-165
-152
-134
-180
-184
-212
-236
-203
-256
-250
-227
-276
-235
-250
-291
-274
-308
-270
-216
-247
-211
-218
-238
-193
-249
-249
-232
-280
-231
-239
-289
-250
-261
-253
-248
-356
-349
-364
-412
-342
-374
-384
-346
-397
-368
-351
-403
-359
-396
-406
-339
-409
-397
-412
-426
-349
-404
-413
-395
-434
-388
-376
-410
-371
-389
-374
-342
-377
-331
-345
-349
-297
-311
-296
-289
-308
-283
-269
-269
-211
-216
-241
-214
-234
-197
-165
-180
-140
-139
-145
-129
-157
-138
-146
-189
-133
-165
-181
-135
-213
-170
-124
-145
-95
-151
-165
-128
-178
-154
-167
-217
-183
-220
-206
-183
-235
-201
-232
-246
-208
-264
-251
-247
-269
-235
-248
-243
-221
-611
-1138
-1301
-1451
-1398
-1265
-1343
-1329
-1338
-1306
-1200
-1224
-1198
-1168
-1230
-1114
-1082
-1102
-1058
-1114
-988
-968
-1040
-994
-1013
-928
-897
-952
-892
-848
-834
-820
-866
-858
-836
-873
-842
-855
-890
-861
-876
-859
-829
-864
-845
-799
-816
-804
-813
-811
-769
-810
-786
-769
-797
-753
-765
-779
-746
-749
-741
-713
-714
-687
-679
-661
-623
-643
-601
-571
-574
-539
-563
-572
-513
-510
-494
-456
-467
-413
-389
-390
-357
-368
-351
-337
-353
-309
-300
-296
-238
-243
-214
-180
-188
-146
-117
-108
-93
-115
-91
-60
-91
-64
-69
-54
-3
-32
-13
1
-25
-4
-21
-9
17
-22
1
13
6
55
26
13
37
-5
9
13
-3
43
34
42
80
76
97
88
70
109
89
64
98
84
110
138
116
137
125
105
116
68
66
90
48
95
98
62
110
74
82
97
45
67
19
-7
36
-21
-2
8
-37
20
10
6
25
-35
-3
3
-35
19
20
32
28
-8
26
18
20
-11
-63
-14
13
13
38
15
-6
-6
-48
-50
-89
-150
-153
-201
-210
-201
-232
-222
-206
-252
-262
-283
-340
-292
-299
-319
-293
-325
-299
-295
-321
-260
-276
-304
-243
-272
-257
-227
-275
-218
-261
-288
-206
-247
-209
-201
-247
-184
-214
-233
-197
-236
-195
-198
-231
-174
-205
-176
-158
-214
-174
-208
-234
-176
-182
-171
-160
-181
-144
-146
-177
-181
-230
-197
-132
-138
-95
-72
-77
-42
-57
-64
-68
-129
-114
-91
-74
-13
-51
-37
9
-32
2
-21
-68
-39
-68
-39
25
7
27
17
-24
16
-33
-75
-81
-153
-69
-28
-81
-59
-86
-50
-12
-63
-72
-123
76
698
983
1052
1134
943
933
943
893
915
783
754
774
685
689
678
603
638
645
640
578
474
547
563
509
481
421
455
509
441
401
434
395
399
390
354
382
336
379
397
310
339
287
275
346
298
289
274
223
252
219
212
256
190
192
175
150
210
182
176
209
191
168
134
115
129
152
185
167
122
141
163
167
201
180
123
129
127
165
187
106
140
127
76
151
105
94
126
59
105
92
57
105
17
57
110
43
109
73
59
107
24
51
65
43
93
62
69
104
75
93
85
45
50
23
33
51
22
36
40
39
49
43
58
88
51
43
51
13
53
43
16
62
34
44
48
-14
21
-9
-41
0
-36
-33
-21
-36
-12
-60
-90
-62
-118
-127
-128
-178
-148
-168
-184
-143
-162
-131
-83
-97
-50
-50
-77
31
33
52
89
10
50
24
-9
77
56
64
75
18
49
29
11
35
-7
40
48
9
67
44
46
66
14
62
57
17
58
45
41
69
38
53
51
23
106
84
67
71
-11
45
61
27
66
-10
-30
11
-45
38
126
47
21
39
23
44
