-7
-16
36
-20
25
39
-10
51
4
5
38
-32
-10
-39
-65
-22
-66
-61
-43
-90
-53
-68
-104
-40
-53
-36
-17
-71
-48
-38
-58
-48
-84
-109
-65
-76
-46
-3
-32
2
-8
-36
-26
-65
-66
-59
-87
-61
-50
-48
-16
-46
-37
-37
-80
-55
-75
-68
-24
-63
-21
-2
-37
18
-19
-40
-10
-48
-10
-1
-25
15
-7
0
32
-22
-6
-2
-19
19
-21
-27
-10
-31
-2
6
-8
20
-1
-26
9
-10
-5
-6
-47
-21
-47
-49
1
-40
-35
-6
-38
-16
-26
-50
-5
-28
-13
23
-20
3
-3
-6
38
1
13
29
5
55
36
8
36
-4
16
20
-5
59
38
31
57
9
25
9
-10
42
7
-30
-62
-129
-122
-140
-185
-163
-187
-226
-219
-269
-273
-249
-304
-300
-288
-299
-270
-297
-298
-270
-331
-319
-292
-326
-291
-312
-290
-238
-259
-238
-275
-248
-178
-225
-188
-150
-160
-97
-94
-64
-3
-11
37
31
23
88
58
71
130
123
168
189
175
220
202
198
231
200
209
201
176
215
192
182
209
163
175
177
147
194
168
150
184
162
189
195
160
196
184
168
194
162
168
162
121
154
145
138
188
161
171
186
140
168
162
135
164
137
145
159
118
149
127
102
117
68
94
115
78
93
74
75
105
72
84
68
40
50
35
74
88
78
114
105
101
122
80
83
102
43
59
76
83
107
73
56
98
124
105
118
107
164
140
71
128
84
122
199
130
127
114
66
125
110
130
153
54
130
142
107
147
57
72
82
43
79
70
82
117
129
223
235
124
111
53
88
128
91
135
94
97
141
128
113
122
95
91
156
179
150
84
107
111
122
170
158
193
213
192
143
119
79
55
83
70
121
120
107
150
125
138
144
93
96
86
61
105
82
94
121
75
120
97
72
113
81
92
116
89
111
103
78
99
60
61
64
31
85
78
48
81
52
61
90
41
68
71
49
94
54
75
120
72
116
107
59
132
96
56
89
16
37
59
31
108
83
83
116
55
92
84
40
91
62
59
90
39
68
70
43
85
61
57
53
14
36
29
11
28
7
18
40
15
34
33
19
40
11
18
49
15
42
32
-8
22
-13
-17
1
-40
-14
-19
-44
-7
-43
-34
-11
-66
-36
-44
-60
-9
-38
-29
12
-26
-4
2
-31
9
-7
-15
23
-21
-4
14
-16
35
20
7
37
-2
16
20
-1
46
29
33
60
16
25
24
34
77
32
0
-24
-29
37
10
-34
-33
-75
-82
-85
-117
-130
-181
-226
-223
-244
-238
-242
-274
-235
-231
-249
-246
-270
-255
-254
-276
-236
-219
-220
-181
-198
-167
-121
-147
-123
173
694
927
998
1018
907
928
988
972
919
873
853
848
870
873
816
778
760
793
816
700
672
675
676
671
541
565
594
587
632
547
559
554
473
505
452
432
466
411
448
442
377
399
352
348
339
270
313
17
-554
-770
-878
-873
-703
-763
-814
-816
-851
-769
-781
-788
-724
-780
-713
-660
-722
-700
-771
-721
-654
-761
-736
-711
-659
-594
-657
-645
-598
-620
-622
-652
-661
-611
-615
-595
-559
-560
-527
-510
-518
-515
-548
-546
-503
-521
-514
-494
-491
-430
-442
-446
-397
-430
-402
-416
-461
-407
-424
-405
-362
-389
-339
-334
-367
-317
-358
-353
-313
-366
-328
-331
-346
-289
-316
-307
-254
-274
-245
-249
-295
-252
-276
-297
-261
-281
-250
-222
-246
-229
-248
-257
-225
-253
-238
-222
-247
-205
-198
-216
-184
-191
-169
-155
-191
-162
-172
-171
-127
-158
-146
-145
-174
-133
-146
-139
-105
-150
-122
-125
-161
-122
-148
-137
-105
-143
-119
-129
-148
-104
-129
-124
-110
-153
-112
-98
-119
-75
-90
-85
-58
-102
-80
-62
-89
-54
-74
-79
-31
-62
-44
-33
-61
-18
-59
-90
-58
-112
-110
-105
-163
-139
-154
-157
-119
-166
-153
-168
-209
-195
-228
-212
-191
-212
-175
-178
-201
-148
-180
-197
-160
-177
-132
-134
-163
-132
-153
-140
-101
-124
-95
-89
-128
-83
-98
-109
-65
-84
-50
-38
-55
-18
-24
-15
11
-28
-27
-5
-25
11
3
-18
28
10
16
56
33
61
74
55
92
66
65
84
46
88
88
48
67
43
68
95
61
94
79
74
122
95
132
125
59
85
58
65
104
72
99
92
54
112
125
96
89
51
80
107
89
107
65
57
93
64
73
97
88
119
108
80
101
60
69
100
75
95
55
42
107
88
113
135
97
124
107
99
119
79
103
122
97
122
105
104
133
103
88
67
55
79
66
59
76
54
55
57
21
29
6
-6
37
23
28
40
-9
9
9
-4
50
14
30
56
22
81
69
80
112
15
31
49
23
81
65
59
92
58
90
91
60
93
58
57
82
67
80
71
75
116
70
23
52
15
33
67
26
61
86
79
74
17
29
42
2
49
31
10
58
4
14
30
-19
44
17
-10
26
-47
-27
-6
-58
-5
-15
-29
38
46
71
10
-37
35
17
31
77
49
61
75
52
85
105
98
129
124
133
148
82
67
102
106
107
51
22
60
31
38
36
-1
54
50
45
72
38
63
70
61
106
73
71
96
56
101
123
113
133
73
70
89
58
97
78
43
83
36
33
52
6
20
-5
-19
34
-12
-34
-23
-79
-59
-57
-84
-38
-49
-30
-4
-22
-4
-37
-13
56
21
9
39
17
59
86
60
91
88
95
110
72
74
79
77
121
121
103
149
139
119
82
14
61
74
100
125
64
98
94
60
101
67
63
100
76
161
137
40
107
74
105
133
56
112
114
100
140
104
134
151
68
94
90
102
130
89
170
146
60
66
29
31
101
84
67
138
100
84
111
63
65
68
49
82
67
55
87
44
99
108
74
129
90
148
125
42
112
66
95
174
113
154
142
85
153
125
121
154
120
147
123
98
118
89
100
109
62
79
90
76
102
82
88
113
85
90
71
39
77
48
48
82
12
42
47
-9
44
1
-15
17
-38
-18
-12
-41
17
11
6
60
11
45
60
8
71
53
51
61
13
51
1
-31
38
-1
44
92
20
81
81
48
98
49
79
138
153
158
102
119
130
116
142
115
95
118
90
