5
-47
-11
-34
-45
3
-29
-20
-5
-35
-29
-52
-77
-58
-68
-71
-58
-83
-48
-38
-80
-47
-75
-96
-74
-106
-92
-89
-117
-94
-117
-119
-78
-100
-80
-97
-118
-79
-109
-99
-90
-131
-91
-103
-142
-114
-149
-141
-107
-158
-152
-155
-199
-176
-196
-208
-190
-240
-236
-252
-284
-244
-284
-299
-276
-319
-277
-263
-306
-268
-295
-296
-254
-297
-274
-276
-308
-272
-289
-273
-240
-266
-245
-240
-242
-210
-224
-217
-189
-201
-171
-156
-179
-142
-145
-127
-90
-121
-94
-83
-96
-58
-89
-80
-26
-49
-20
-32
-59
1
-8
4
21
-16
23
14
-20
21
-3
7
32
-21
-11
0
-11
24
1
-22
10
-19
-11
9
-25
13
13
-4
35
17
42
63
22
50
35
14
42
0
22
47
17
64
59
45
82
51
45
40
1
18
8
1
17
-12
18
38
9
29
7
-4
15
-34
-17
9
-6
47
37
41
98
64
75
69
18
51
20
-9
35
4
38
67
25
60
35
21
39
-7
-4
-7
-25
6
-14
-33
-3
-29
-29
-16
-38
3
11
-11
23
25
38
58
19
28
29
13
42
15
39
80
48
88
75
36
64
22
18
27
-9
27
22
11
59
25
35
47
-15
4
-5
-13
32
5
14
45
17
37
26
-1
25
-11
-20
-6
-24
25
29
15
50
12
5
5
-49
-30
-25
-26
13
-6
6
31
6
13
-17
-46
-22
-47
-58
-56
-104
-93
-87
-130
-126
-169
-191
-185
-236
-216
-206
-205
-164
-200
-192
-153
-190
-169
-183
-216
-166
-173
-145
-119
-117
-48
-60
-77
-48
-82
-86
-48
-51
1
27
19
84
67
73
118
84
170
136
6
89
85
143
224
140
228
133
7
111
8
83
148
31
131
156
178
237
107
82
200
179
178
151
87
170
266
368
430
394
372
483
611
753
817
745
868
1125
1513
1604
1483
1676
1640
1684
1859
1796
1854
1874
1866
1932
1909
1958
1960
1802
1878
1869
1727
1723
1642
1739
1727
1583
1598
1538
1496
1409
1297
1282
1289
1231
1154
1104
1062
1053
995
960
955
909
864
829
779
724
673
619
624
564
521
532
492
517
454
416
464
404
407
392
359
420
397
378
402
355
376
364
326
374
335
371
416
362
392
362
345
371
306
292
305
283
304
307
301
339
316
291
277
227
221
201
187
218
227
246
255
218
220
208
158
154
123
97
118
113
126
129
100
111
88
59
50
-5
0
8
-21
10
6
17
50
-1
-8
-25
-68
-49
-82
-88
-52
-65
-47
-47
-90
-79
-112
-136
-99
-133
-151
-181
-228
-192
-247
-267
-257
-358
-329
-308
-373
-337
-369
-394
-335
-385
-381
-397
-463
-408
-445
-477
-460
-500
-461
-462
-523
-517
-531
-547
-537
-569
-545
-520
-546
-521
-525
-524
-491
-509
-519
-522
-538
-505
-488
-512
-503
-535
-542
-510
-545
-539
-532
-538
-507
-526
-511
-490
-514
-488
-514
-535
-488
-507
-496
-485
-513
-477
-512
-520
-473
-510
-495
-479
-506
-493
-500
-497
-475
-488
-478
-469
-473
-448
-444
-458
-440
-446
-461
-442
-455
-430
-396
-441
-410
-406
-422
-387
-446
-449
-452
-517
-476
-489
-493
-441
-547
-664
-771
-872
-863
-878
-879
-874
-906
-863
-860
-876
-843
-865
-853
-827
-832
-794
-800
-810
-763
-769
-749
-698
-721
-703
-703
-717
-643
-642
-638
-602
-632
-596
-573
-611
-581
-598
-584
-542
-585
-536
-520
-544
-494
-531
-531
-500
-542
-506
-490
-500
-421
-433
-428
-385
-428
-391
-404
-424
-384
-407
-370
-343
-362
-337
-341
-363
-336
-345
-339
-321
-342
-302
-302
-309
-298
-317
-324
-323
-322
-308
-270
-286
-273
-263
-261
-221
-245
-221
-220
-248
-223
-247
-238
-184
-193
-163
-141
-189
-163
-204
-231
-181
-215
-172
-150
-172
-106
-121
-113
-85
-159
-151
-154
-194
-149
-168
-159
-90
-108
-83
-82
-127
-92
-124
-152
-128
-149
-111
-76
-92
-63
-59
-54
-34
-82
-72
-80
-107
-62
-95
-90
-38
-73
-53
-42
-87
-52
-67
-82
-43
-83
-69
-46
-80
-36
-38
-31
20
-23
5
16
-19
17
-28
-49
0
-38
-27
-19
-57
1
-13
-13
23
-20
2
-4
-34
1
-21
-41
-11
-40
-22
19
23
58
37
16
16
-20
-16
-14
-32
7
22
22
58
60
77
81
45
42
14
4
21
0
37
69
66
97
87
75
91
54
38
24
-10
47
68
63
100
72
82
88
29
48
37
8
56
34
50
110
80
111
97
30
51
9
4
45
23
76
93
68
108
78
87
100
18
33
32
23
82
58
72
90
35
50
21
-15
37
22
44
91
70
100
74
25
54
14
3
29
-2
38
46
31
63
21
17
59
37
68
68
34
87
74
89
111
51
64
44
18
65
42
62
96
25
61
71
30
72
25
21
63
47
89
83
66
96
40
20
32
4
56
62
61
117
83
90
83
22
36
15
4
41
26
62
101
88
121
75
25
32
-29
-41
-27
-48
18
50
37
78
53
47
43
-51
-74
-97
-131
-81
-93
-64
2
-13
17
16
-21
-14
-57
-87
-85
-115
-95
-92
-91
-43
-55
-13
24
-19
4
4
-39
-29
-42
-68
-39
-40
-29
-20
-30
10
-6
-10
13
-31
-31
-59
-100
-66
-76
-42
-1
-35
4
11
-13
36
-5
-11
11
-31
7
-8
-21
27
0
3
9
-28
5
0
-26
2
-29
-4
34
-2
33
43
5
19
-28
-72
-37
-47
-33
-17
-42
3
0
-22
9
-44
-47
-26
-77
-38
-29
-41
9
-21
-5
22
-26
0
-23
-57
-22
-36
-4
12
-23
6
-4
-39
-18
-50
-43
-2
-20
11
2
-21
4
-34
-32
-4
-46
-4
32
24
80
34
6
23
-26
16
19
-17
26
-7
15
63
22
59
46
29
57
-22
-25
2
-30
11
13
-7
21
-5
-22
-23
-19
20
8
-4
19
3
23
35
-9
17
5
-16
21
-15
12
63
51
92
78
45
68
29
30
52
23
76
71
42
83
56
79
101
61
81
64
56
102
74
73
83
25
59
68
37
86
51
41
58
12
34
30
2
36
23
37
62
21
56
52
35
51
-6
5
27
7
31
34
51
87
79
88
88
69
92
72
54
65
54
86
109
106
124
121
114
133
98
64
73
51
70
74
49
76
64
53
75
33
53
70
27
72
55
47
83
8
10
23
-18
33
2
-10
47
-8
2
