169
105
195
221
164
152
51
43
52
21
98
48
33
109
67
116
92
-15
-56
-130
-31
36
23
111
77
7
6
-19
-21
14
4
-13
-105
-173
-62
-6
48
134
74
-12
-63
-99
-49
-16
-16
-6
-70
-39
-11
-32
84
164
201
181
96
86
58
50
54
-18
-23
-1
-45
-55
-24
-19
-53
-61
-23
-17
-33
-16
-25
-67
-52
-55
-76
-67
-147
-193
-127
-117
-64
-19
-57
-25
-92
-155
-80
-37
47
52
0
8
-58
-87
-107
-171
-143
-156
-123
-33
-78
-82
-123
-191
-166
-151
-70
-14
-1
0
-81
-146
-136
-120
-131
-129
-144
-105
-59
-102
-148
-231
-269
-209
-187
-181
-222
-328
-228
-138
-136
-37
-130
-138
-144
-225
-113
-178
-137
-66
-233
-189
-186
-266
-160
-208
-237
-174
-208
-104
-117
-146
-87
-180
-145
-109
-160
-110
-132
-131
-93
-122
-72
-57
-108
-40
-9
-42
-2
-52
-54
5
-46
-59
-63
-110
-30
69
68
144
97
19
23
-3
65
64
47
71
50
56
23
-53
-42
-1
64
127
50
24
-11
-65
-30
-105
-115
-55
-54
-23
-54
-178
-228
-253
-241
-69
-5
-19
-114
-320
-207
-133
-281
-109
-33
0
217
110
-46
-97
-112
-94
26
203
129
-111
-210
-261
-125
266
238
150
-100
-103
379
-2
-127
121
-184
-38
293
100
-29
-71
-135
132
264
93
-53
-39
17
113
42
-83
66
151
436
424
-6
82
223
71
-74
-26
222
159
284
478
276
292
-109
-145
293
191
382
301
27
103
45
9
-61
14
456
436
253
453
281
156
65
33
196
55
-4
102
390
396
95
21
-17
135
367
388
304
261
20
-180
99
281
314
340
135
-57
22
44
247
493
223
261
176
58
203
91
145
27
55
236
-7
123
394
26
-53
-18
-77
245
141
29
212
163
212
200
109
140
215
357
180
135
318
339
331
-43
-49
320
281
340
244
146
261
114
121
68
30
175
32
15
194
321
350
278
272
18
-153
139
241
406
329
-51
91
267
367
168
-16
182
193
376
321
93
256
336
374
238
52
151
327
427
320
-22
-147
151
396
467
448
475
462
298
227
136
5
109
193
154
262
191
192
322
188
198
106
-65
103
226
312
290
164
222
82
-3
128
-46
15
240
294
461
329
146
103
139
228
260
218
44
25
125
262
345
330
181
106
152
119
99
206
336
275
287
225
181
247
271
571
579
366
301
66
194
351
234
183
20
234
327
58
186
40
-156
81
-12
-52
108
50
74
106
178
232
142
221
188
43
166
251
331
431
271
128
146
209
257
229
180
196
268
261
210
195
225
330
275
104
133
161
259
379
290
314
242
173
233
81
195
275
203
315
122
61
137
117
221
80
-42
62
123
135
23
-58
-39
-46
61
141
85
96
-124
-179
53
42
116
-14
-109
-25
-19
260
243
19
-31
-55
28
171
172
90
-94
-147
119
41
16
-24
28
85
-169
-71
-145
-72
50
7
66
-131
-209
-98
-40
65
134
-21
-211
-137
94
22
12
49
-118
51
-27
-32
241
10
50
78
-28
145
37
-23
50
52
120
8
-191
-64
63
95
96
93
232
69
-29
48
47
102
18
-25
18
45
74
107
50
59
51
-68
2
77
62
-146
-283
-170
-55
80
127
54
-172
-223
-224
-173
153
116
-21
69
72
36
1
5
56
-48
-126
-181
-149
83
37
-17
-235
-331
-39
-187
-105
-65
-367
-277
-213
-93
76
-48
-66
-74
-103
-42
-209
-90
16
-80
34
-23
30
40
0
-15
-168
-101
-177
-133
60
9
111
25
-108
68
29
70
187
151
209
-18
-8
151
49
213
33
-48
38
-62
83
-58
-100
14
64
52
-236
-166
67
-137
-144
-222
-132
322
-346
-621
-109
32
431
86
-98
-63
-381
102
106
144
209
-80
90
50
-37
123
6
189
569
131
-151
-416
-40
481
105
137
-108
-93
-85
-156
203
-42
-53
-62
-303
-252
-145
-35
112
-52
-315
-246
-276
-48
-77
-353
-207
-126
-53
-149
-289
-246
-102
-53
-41
-106
-235
-185
-357
-97
99
-59
199
-10
-186
-88
-136
-74
-217
-246
-179
-178
-69
-50
-58
-129
-234
-217
-144
-52
-85
-165
30
-3
-175
-128
-161
-10
-42
-220
-289
-323
-58
-84
-114
-36
-110
10
-153
-210
-119
-173
-91
-55
-27
-54
-156
-92
31
57
161
11
-235
-317
-200
7
6
78
-37
-140
-43
4
-16
-154
-146
-146
-365
-332
-126
10
131
-161
-397
-167
-15
23
-23
-100
-123
-148
-105
-343
-506
-455
-155
301
225
81
-200
-410
-178
3
56
78
-46
-179
-308
-291
-59
-176
-60
77
12
99
-95
-66
-9
-114
-94
-147
-6
67
-243
-441
-351
-51
118
-100
-94
-55
-136
-122
-310
-285
-142
-169
-162
-217
-178
-194
-230
-169
-63
57
-136
-174
-136
-289
-190
-149
-230
-159
-188
-76
-37
-258
-200
-95
-64
-97
-119
-139
-198
-136
-127
-74
-20
-88
-101
-151
-143
-70
-119
-109
-122
-89
-90
-145
-12
-115
-204
-221
-227
-5
-32
-100
-87
-180
-152
-155
-216
-163
-152
-60
-2
-98
-154
-291
-225
-68
-84
-119
-144
-129
-99
-34
-63
-92
-141
-263
-224
-145
-152
-208
-245
-118
-62
-145
-168
-253
-243
-200
-270
-253
-293
-283
-174
-222
-160
-149
-248
-151
-131
-116
-148
-254
-152
-153
-131
-39
-148
-88
-127
-275
-133
-136
-190
-148
-208
-34
102
14
72
-82
-168
-113
-147
-24
-102
-206
-190
-199
-47
0
-51
-64
-139
-138
-148
-157
-61
-47
-111
-125
-155
-154
-111
-101
-139
-119
-55
-79
-73
-178
-220
-144
-185
-128
-189
-261
-193
-235
-160
-148
-197
-192
-336
-301
-272
-289
-186
-316
-319
-237
-360
-214
-124
-176
-59
-227
-269
-205
-318
-213
-179
-166
-132
-218
-194
-156
-268
-312
-407
-446
-261
-241
-303
-313
-363
-307
-166
-183
-151
-165
-242
-214
-300
-296
-337
-389
-263
-321
-428
-420
-376
-217
-154
-295
-318
-336
-299
-242
-368
-269
-199
-209
-114
-198
-236
-248
-328
-249
-184
-245
-215
-198
-153
-68
-151
-169
-176
-195
-195
-312
-317
-204
-180
-182
-168
-242
-260
-243
-213
-142
-177
-167
-196
-270
-227
-213
-206
-163
-178
-178
-149
-153
-108
-184
-300
-298
-263
-172
-145
-150
-146
-199
-229
-153
-164
-192
-178
-246
-164
-161
-230
-190
-202
-150
-129
-210
-226
-183
-108
-51
-72
-100
-152
