-161
-134
-157
-167
-164
-219
-195
-215
-188
-111
-163
-152
-166
-213
-159
-167
-172
-130
-133
-83
-64
-101
-96
-143
-135
-66
-57
-22
-10
-44
-32
-33
-43
-6
-45
-73
-34
-26
34
65
26
19
-31
-47
-19
-35
-28
-30
-24
14
40
78
69
51
80
25
1
68
89
146
165
111
125
111
78
95
46
52
110
41
31
27
-26
24
16
15
40
-20
5
49
42
70
37
18
69
45
46
30
-24
42
33
12
72
61
100
83
9
48
33
40
76
26
72
94
90
142
78
42
51
-4
20
34
12
59
65
80
87
64
81
82
123
162
95
48
52
15
51
74
26
19
1
22
59
58
101
116
88
132
155
234
303
244
287
299
287
345
310
302
303
221
215
152
74
97
70
105
120
87
57
-35
-4
24
-7
56
59
29
54
40
45
96
77
55
79
75
108
116
77
68
51
54
76
48
37
19
14
101
123
121
115
77
90
74
94
96
50
99
92
65
101
82
81
132
118
101
119
83
117
110
33
97
73
20
46
21
78
123
67
59
18
14
59
11
49
23
-22
41
12
31
36
-31
-25
-33
-82
-175
-181
-29
54
76
41
-66
-154
-187
-115
12
79
95
90
10
-88
-57
-15
23
105
0
-55
-30
-5
126
80
-17
-27
-62
29
142
147
177
60
-19
-22
-46
148
188
207
236
108
109
94
67
117
123
123
126
78
113
100
52
67
-1
-24
35
90
170
264
270
198
166
160
171
161
123
137
154
185
203
152
163
87
81
286
304
297
195
-23
-21
150
333
378
288
155
39
-107
-169
-84
139
256
311
396
236
228
228
98
147
114
110
79
84
281
329
303
299
239
188
182
245
389
428
341
188
117
189
221
277
219
160
223
207
320
245
-111
-126
137
373
451
454
348
226
273
172
110
200
157
109
36
21
189
170
60
175
105
-53
-5
104
230
213
121
36
58
4
-261
-261
-12
127
146
79
-146
-258
-109
10
85
-29
-265
-186
-77
114
163
-210
-319
-214
-166
-115
-79
-94
66
172
7
139
297
77
-163
-174
-94
-28
81
129
111
-79
-208
-144
84
319
281
229
-151
-442
-182
87
206
298
265
68
-66
-205
-58
-57
-61
205
158
262
-182
-438
169
257
307
127
-314
-157
-174
-32
158
-233
-44
-12
-152
84
-90
-128
-525
-323
474
159
141
-209
-435
90
-184
-11
142
-408
-279
-92
-114
-15
-129
-31
-149
-36
261
-125
-174
-479
-273
353
-54
-51
-395
-331
227
8
-210
-508
95
522
-7
-139
56
-101
39
-199
-805
-18
-72
-378
-43
245
415
-298
84
399
16
-205
-364
-118
31
92
-558
-444
258
413
334
-319
-334
-232
-162
-23
-118
170
29
-169
65
-220
-368
361
100
51
45
-866
4
-56
-408
234
-27
367
63
-419
-51
-156
-128
-184
-32
290
-298
-432
114
292
356
-223
-749
-110
210
-114
-106
3
230
64
-419
-199
-334
-706
-18
395
475
603
-159
-805
-393
185
295
161
32
-153
-382
-182
-13
138
-21
-404
-300
-249
36
-6
22
187
-205
-358
-562
-291
296
184
-140
-61
31
-40
-39
-154
-166
-432
-169
19
-300
-124
-209
-359
-395
-32
-42
-104
169
-68
24
-117
-473
-45
407
-33
-304
-271
46
489
85
-10
-180
-183
14
-178
31
75
83
-182
-366
24
142
-285
-521
76
452
11
-194
-132
-454
-48
341
346
798
246
-319
-251
7
437
146
-280
-327
236
557
211
-234
-751
48
647
287
476
38
-504
-410
25
564
326
-67
40
-133
175
427
-88
-212
-182
250
186
-93
168
-167
-52
196
-25
222
215
160
286
225
129
-359
-242
255
-42
263
521
149
426
202
-166
-136
-300
227
505
219
87
-481
-264
281
253
349
-64
-55
118
-87
-11
70
352
224
121
172
-166
13
179
214
547
172
-282
-123
184
539
286
-20
-245
-173
326
41
222
358
-53
201
125
-22
-324
-441
341
337
86
80
-158
107
210
-44
-103
28
145
140
134
-105
-38
167
43
256
111
-109
269
181
175
137
-280
-7
203
224
58
-277
81
125
-78
-234
-111
218
116
214
-69
-265
-110
-42
291
251
62
91
-69
131
363
161
425
414
227
35
-184
222
152
139
125
-359
-2
379
288
286
50
62
82
61
163
-1
114
70
-14
68
-156
121
197
0
300
46
-159
16
8
137
66
121
74
-91
289
153
-13
-5
-235
104
50
60
252
-145
62
42
-52
98
-174
96
210
64
83
-82
62
65
-2
271
78
102
236
-3
214
212
223
301
109
241
91
36
257
210
217
87
30
106
50
190
184
123
206
89
122
220
197
277
158
2
78
-29
50
265
296
257
104
138
134
106
94
-60
-59
141
122
101
244
124
104
24
-122
-38
-59
-72
47
88
23
-33
-52
14
-1
-90
-57
-103
-46
97
-4
-32
16
11
-13
45
-15
-145
-229
-182
-17
30
279
237
156
122
-26
23
54
76
-9
-78
-111
-6
127
139
46
55
181
157
60
-191
-244
-78
109
226
91
51
17
4
64
-27
-8
49
117
198
89
29
-55
-117
21
69
58
79
72
101
28
-46
-28
-27
-37
-33
-71
-122
-30
39
68
91
5
-3
162
148
56
-7
-50
50
56
62
-37
-29
40
-122
27
128
127
134
-49
-44
2
36
115
66
11
35
-76
-141
-243
-165
56
-44
139
99
-43
22
-153
-37
35
-94
65
43
-35
136
-48
-89
-22
-108
85
40
40
65
-132
-50
-89
74
378
152
17
-10
-9
107
-18
-74
3
-145
-66
54
-72
-47
-80
-93
-114
-226
-226
-170
-106
-51
-83
-174
-115
-75
-89
-153
-304
-289
-245
-158
-21
-70
-58
-30
-85
18
56
-35
-75
-118
-139
-180
-166
27
13
-68
-21
-110
-106
-70
-125
-119
-179
-264
-117
17
4
-50
-230
-217
-89
-93
-173
-253
-231
-209
-150
-26
-26
-179
-210
-189
-177
-82
-124
-169
-61
-77
-238
-203
-134
-97
-2
-88
-127
-116
-97
-20
-92
-104
-125
-166
23
81
2
-76
-182
-84
-100
-193
-110
-114
-150
-144
-102
-15
-36
-71
-81
-110
-23
-132
-171
-13
-41
-25
-101
-111
61
18
-27
-76
-159
161
210
69
192
-44
-75
46
23
163
28
-85
14
-6
11
-50
-67
35
-59
-32
-70
-203
-28
7
37
50
-73
-32
-85
-64
-19
