415
372
335
356
253
300
294
246
350
329
376
445
382
426
414
362
433
375
388
452
355
387
349
284
352
289
288
305
199
260
266
186
230
149
135
185
75
88
54
-31
66
38
58
151
81
142
151
92
201
146
108
166
78
154
199
134
198
154
167
239
196
270
285
258
360
315
317
398
368
455
482
450
521
479
470
492
394
417
434
402
453
382
373
425
344
373
365
327
441
409
420
511
474
619
673
613
753
701
675
737
608
666
671
599
707
659
720
854
793
874
879
850
1000
951
991
1066
965
1036
1038
946
947
838
735
674
561
544
405
154
-121
-350
-341
-357
-351
-226
-273
-380
-400
-427
136
801
870
1027
1036
1079
1273
1120
1060
1213
1295
1358
1195
1095
1364
1369
1338
1189
1076
1317
1258
1216
1120
1050
1186
1124
1051
932
799
808
813
684
575
552
611
625
475
306
201
230
118
-4
-112
-226
-174
-339
-458
-583
-689
-588
-727
-786
-779
-811
-671
-722
-832
-760
-767
-739
-804
-930
-800
-769
-745
-802
-965
-806
-713
-725
-720
-774
-684
-581
-570
-577
-622
-618
-556
-568
-605
-619
-636
-601
-544
-554
-569
-552
-543
-471
-492
-517
-468
-533
-528
-555
-613
-576
-627
-623
-606
-652
-583
-594
-619
-539
-552
-484
-442
-523
-493
-519
-546
-540
-599
-548
-533
-564
-563
-606
-557
-500
-540
-536
-505
-469
-422
-485
-539
-500
-485
-439
-422
-457
-464
-479
-473
-434
-445
-409
-346
-382
-350
-362
-420
-377
-394
-359
-338
-352
-234
-210
-219
-172
-188
-95
-11
-24
40
59
123
235
211
221
202
160
197
156
134
168
187
266
308
307
352
337
330
327
259
287
299
264
268
192
172
205
159
159
142
108
139
101
60
45
-5
2
-18
-77
-69
-66
-45
-12
-22
21
72
77
118
104
77
115
86
85
116
113
206
258
246
289
252
232
236
170
191
196
194
234
164
119
77
-20
-10
-36
-70
-21
-59
-59
-61
-141
-119
-136
-165
-124
-164
-155
-133
-169
-133
-146
-165
-128
-151
-108
-69
-112
-84
-107
-109
-59
-109
-96
-57
-48
9
7
5
54
7
-3
2
-79
-73
-113
-149
-113
-157
-141
-113
-135
-98
-104
-115
-61
-77
-38
16
8
71
74
60
85
43
38
64
62
107
103
67
80
41
44
64
32
68
55
27
82
53
40
36
-39
-21
-35
-70
-6
9
61
111
82
128
90
16
29
-36
-16
26
-26
31
26
7
69
16
57
123
78
105
38
-30
24
-3
41
79
24
98
117
119
182
141
159
177
156
227
242
241
276
211
193
205
145
176
174
154
204
188
221
278
243
260
270
255
309
289
298
328
290
334
299
247
250
136
131
174
146
199
172
142
141
162
184
-181
-157
-136
-215
-234
-268
-326
-309
-341
-329
-272
-281
-211
-184
-199
-132
-161
-178
-153
-203
-178
-178
-235
-215
-243
-219
-157
-192
-168
-174
-205
-148
-159
-140
-95
-126
-102
-125
-156
-121
-163
-171
-136
-157
-113
-93
-111
-66
-80
-94
-59
-65
-79
-80
-72
-47
-49
-50
-40
-65
-38
-12
-20
33
32
50
150
158
218
271
234
282
312
345
400
360
393
446
448
505
425
358
391
390
459
458
414
430
394
379
392
333
334
352
317
343
326
288
242
186
228
247
221
264
293
277
255
175
171
180
189
231
153
168
160
82
154
136
101
148
122
142
169
122
147
177
282
513
522
510
740
1095
1300
1229
1161
1054
1000
1045
1070
1050
1005
994
898
832
792
706
666
625
584
562
447
376
372
293
318
249
212
325
256
254
252
245
362
306
313
395
320
330
331
317
363
291
238
194
184
297
295
285
322
206
134
151
75
-15
-33
-52
-36
9
3
-26
-70
-107
-116
-180
-177
-75
-5
144
219
278
363
321
257
209
273
340
394
562
622
548
562
537
559
607
546
665
707
706
694
435
295
220
168
218
165
190
397
404
387
484
444
543
632
627
639
456
369
271
145
141
68
87
165
127
90
42
-4
272
420
581
885
883
1035
1074
1035
1164
1111
1097
1093
1017
1191
1370
1463
1730
1837
1858
1734
1451
1304
1098
1018
947
733
736
907
998
946
837
621
479
611
699
693
686
670
763
778
881
1054
1018
1080
1028
827
776
733
705
657
528
476
393
338
335
204
197
222
221
227
44
-13
27
-39
-13
-111
-212
-159
-204
-179
-149
-236
-212
-195
-244
-242
-335
-346
-349
-450
-439
-537
-589
-540
-612
-641
-635
-665
-629
-596
-595
-480
-461
-439
-366
-456
-426
-390
-439
-386
-388
-437
-436
-468
-425
-392
-399
-283
-296
-278
-212
-288
-221
-157
-164
-109
-181
-216
-212
-285
-261
-327
-394
-377
-431
-399
-390
-439
-407
-415
-389
-329
-365
-339
-327
-372
-362
-403
-402
-355
-370
-311
-268
-275
-216
-261
-295
-165
-126
-138
-105
-188
-195
-169
-235
-170
-187
-219
-165
-274
-270
-273
-373
-309
-361
-398
-379
-453
-385
-356
-388
-325
-362
-357
-325
-377
-276
-263
-292
-276
-304
-182
-136
-161
-123
-163
-200
-172
-192
-171
-123
-181
-219
-214
-232
-266
-293
-313
-338
-389
-411
-386
-368
-339
-398
-465
-444
-480
-457
-423
-464
-373
-392
-468
-378
-426
-389
-353
-438
-343
-403
-429
-326
-384
-326
-323
-400
-319
-340
-362
-296
-314
-251
-243
-326
-341
-408
-386
-369
-406
-413
-450
-447
-441
-462
-476
-411
-411
-391
-378
-468
-406
-391
-385
-301
-345
-304
-235
-299
-219
-208
-285
-205
-247
-215
-173
-247
-192
-264
-300
-270
-391
-360
-333
-405
-406
-436
-394
-349
-399
-385
-409
-438
-379
-465
-499
-463
-548
-546
-545
-577
-513
-483
-476
-390
-387
-348
-289
-324
-233
-208
-193
-112
-180
-174
-127
-177
-110
-85
-148
-108
-183
-234
-237
-329
-270
-289
-314
-229
-250
-159
-117
-179
-138
-208
-254
-225
-323
-341
-386
-460
-391
-453
-412
-310
-315
-142
-92
-77
75
88
123
187
128
173
203
135
200
167
166
281
250
400
539
466
551
510
466
566
528
568
560
450
478
415
368
365
201
201
135
16
20
-111
-96
-73
-144
-60
-29
-16
73
18
4
81
68
121
140
123
201
203
243
327
279
328
373
352
461
410
348
388
261
211
193
107
161
128
98
163
87
107
100
-1
11
-59
-111
-121
-213
-197
-206
-272
-225
-259
-250
-177
-212
-159
-152
-175
-40
-33
-43
55
