-227
-284
-381
-331
-198
-90
54
-72
-180
-100
-76
36
36
11
18
-83
-79
-13
-34
-58
-69
-37
-79
-221
-161
-147
-56
135
-11
-175
-188
-62
102
99
70
55
40
84
120
9
-2
55
-18
83
199
140
142
62
-202
-258
-220
-210
-50
5
-2
13
44
211
397
473
433
376
343
312
361
413
360
373
360
269
324
349
418
585
496
408
387
257
303
357
356
496
448
388
395
206
274
410
332
309
224
244
354
275
227
128
77
191
130
178
204
148
243
118
44
122
57
101
215
216
199
130
137
165
146
187
172
210
242
219
180
75
120
231
264
367
318
197
211
168
265
309
312
382
246
199
295
405
330
176
169
213
329
399
328
317
386
404
480
378
275
312
288
436
422
338
277
157
276
348
351
421
481
557
544
386
373
376
322
386
333
293
286
301
335
228
183
114
46
132
30
-86
41
97
199
245
91
71
68
118
205
207
215
107
90
212
211
200
186
135
186
294
354
286
173
179
204
195
230
223
147
117
80
5
52
82
8
-35
-115
-68
44
98
178
103
116
167
136
287
427
539
588
362
202
225
169
253
264
153
213
233
246
138
11
63
22
7
54
-18
33
29
-44
90
99
178
336
264
232
163
81
245
332
382
398
264
231
191
182
121
34
48
78
130
76
-47
-99
-47
67
17
-254
-246
-162
-147
-64
-183
-80
-153
-537
-777
-976
-562
-567
-1057
-1094
-1461
-1384
-1125
-1289
-1138
-1211
-1350
-1196
-1310
-1269
-1380
-1609
-1350
-1393
-1342
-1403
-1619
-1269
-1340
-1479
-1522
-1661
-1372
-1383
-1446
-1401
-1550
-1429
-1250
-1104
-937
-1147
-1254
-1084
-1011
-683
-633
-807
-676
-716
-624
-472
-444
-410
-583
-563
-363
-273
-231
-195
-126
-146
-248
-313
-357
-271
-149
-174
-212
-233
-248
-314
-311
-252
-308
-214
-89
-70
-92
-282
-165
91
118
232
132
61
191
162
157
141
43
-21
-29
39
94
177
302
67
-167
-150
-203
-104
-14
24
-187
-487
-434
-483
-453
-336
-326
-349
-401
-365
-216
-201
-404
-499
-534
-517
-401
-283
-357
-376
-261
-220
-116
-145
-14
66
-32
117
15
15
130
59
286
309
45
-27
-45
-5
7
-15
24
-84
-62
-81
-200
-62
24
71
5
-115
-54
-36
-11
13
-55
-74
-126
-104
-41
-50
-20
-67
37
101
14
9
-132
-122
-56
-49
114
52
-3
37
27
206
305
398
504
416
540
590
491
621
472
408
466
306
242
154
300
456
399
234
69
190
249
182
164
27
66
195
67
176
303
367
437
477
767
501
250
423
397
595
597
388
464
540
505
311
148
227
170
2
-154
-263
-62
7
-1
31
-23
96
-52
-161
-101
-267
-241
-178
-169
-102
-232
-407
-399
-390
-276
-141
-85
80
219
434
586
693
813
894
950
979
1105
1151
1199
1257
1445
1665
1594
1479
1311
1149
1276
1396
1317
1161
950
981
941
690
507
279
165
107
87
52
-34
-28
-19
-65
-86
-134
-186
-161
-66
57
-161
-325
-328
-368
-209
-310
-574
-603
-471
-291
-299
-440
-518
-624
-624
-464
-463
-583
-742
-737
-483
-382
-331
-356
-445
-417
-369
-169
-210
-368
-273
-266
-134
65
36
52
102
228
399
361
252
73
-80
-23
23
28
101
83
75
138
250
405
288
220
231
93
246
404
394
422
364
338
363
356
489
558
480
494
361
251
118
-60
-32
-112
-145
-203
-230
-118
-158
-280
-369
-302
-93
79
92
60
-28
17
133
2
-101
-140
-77
-7
-83
-138
-251
-177
98
-8
-262
-290
-322
-217
-87
-172
-142
-263
-433
-327
-352
-378
-256
-240
-271
-141
-95
-43
135
154
300
456
288
199
199
43
105
201
280
383
156
52
-11
-90
31
1
5
74
119
201
-9
-131
-80
-200
-107
-120
-97
125
30
42
131
150
157
62
42
-31
-66
-79
-261
-246
-191
-294
-293
-349
-317
-291
-345
-315
-345
-347
-363
-354
-354
-354
-218
-112
-32
81
149
174
18
-126
-161
-239
-167
-144
-107
3
-28
-14
-49
-144
-188
-258
-244
-148
-86
-67
-181
-230
-113
-89
-115
-224
-321
-252
-246
-203
-39
-13
-78
-100
-70
16
26
-6
-68
-129
-64
12
111
217
204
154
156
184
221
248
309
280
185
96
-33
-3
114
193
127
17
60
93
172
220
211
292
270
151
27
-107
-101
-52
-57
-17
-75
-101
-1
3
70
87
96
94
-35
72
70
1
67
-23
-26
-1
-62
-17
-23
-76
-26
-92
-83
-56
-183
-164
-156
-141
-106
-169
-175
-132
-189
-198
-146
-223
-189
-133
-143
-51
-75
-137
-142
-212
-152
-119
-129
-115
-261
-354
-437
-465
-359
-405
-455
-370
-295
-183
-175
-246
-206
-217
-214
-232
-294
-217
-195
-224
-167
-201
-179
-115
-206
-209
-192
-245
-178
-155
-228
-245
-289
-277
-222
-248
-238
-257
-247
-181
-240
-302
-302
-274
-226
-208
-240
-299
-353
-348
-367
-429
-370
-329
-259
-167
-242
-280
-278
-292
-247
-265
-308
-269
-222
-193
-171
-164
-158
-159
-141
-84
-97
-106
-105
-165
-146
-183
-278
-268
-275
-287
-252
-247
-219
-191
-215
-237
-267
-274
-287
-287
-270
-351
-379
-340
-355
-339
-358
-388
-371
-380
-350
-303
-340
-340
-367
-468
-473
-510
-551
-490
-452
-398
-405
-494
-470
-455
-459
-397
-417
-399
-359
-364
-314
-296
-305
-324
-362
-369
-366
-394
-384
-374
-370
-347
-390
-381
-382
-407
-371
-361
-329
-270
-311
-331
-310
-360
-314
-279
-236
-154
-157
-105
-137
-213
-204
-250
-280
-329
-368
-263
-229
-230
-153
-144
-73
-16
-49
10
27
-4
18
1
14
36
-20
-36
-38
-92
-111
-156
-151
-103
-150
-173
-190
-221
-208
-245
-249
-189
-189
-122
-54
-35
-22
-94
-75
-57
-88
-59
-68
-54
-16
-30
-29
-26
-76
-81
-94
-118
-126
-217
-238
-197
-190
-125
-99
-116
-31
3
-23
41
10
27
140
149
238
226
156
210
106
23
11
-55
-19
-40
-124
-137
-180
-142
-120
-176
-135
-162
-184
-117
-99
-53
-60
-59
5
-36
-39
-41
-62
-2
-10
-11
47
60
83
81
19
-2
-7
-15
-13
-58
-81
-42
-24
-14
-7
-43
-58
-41
-65
-79
-82
-59
-18
-28
-22
-67
-106
-15
27
40
37
-63
-52
-18
-26
9
-52
-38
-5
-54
-19
-30
-48
-29
-116
-134
-101
-148
-100
-119
-148
-108
-125
-95
-144
-176
-172
-230
-183
-97
