-591
-605
-579
-571
-595
-558
-555
-539
-541
-554
-517
-512
-511
-508
-509
-480
-480
-483
-469
-470
-452
-450
-449
-433
-440
-425
-419
-416
-406
-412
-396
-388
-388
-382
-382
-367
-362
-364
-357
-353
-343
-339
-340
-331
-328
-322
-298
-251
-273
-310
-290
-175
288
220
-219
-196
-395
161
661
-37
-159
-280
-31
812
831
1265
1662
1722
2038
2038
2038
2038
2038
2038
2038
2038
2038
2038
2038
2038
2038
2038
2038
2038
2038
2038
2038
2038
2038
2038
2038
2038
2038
2038
2038
2038
2038
2038
2038
2038
2038
2038
2038
2038
2038
2038
2038
2038
2038
2038
2038
2038
2038
2038
2038
2038
2038
2038
2038
2038
2038
2038
2038
2038
2038
2038
2038
2038
2038
2038
2038
2038
2038
2038
2038
2038
2038
2038
2038
2038
2038
2038
2038
2038
1968
1965
2038
2038
2008
1825
1852
1904
1923
1836
1705
1657
1678
1752
1672
1580
1291
1289
1598
1481
1309
795
878
1430
1325
1151
615
715
1301
1126
793
365
473
1115
828
326
202
265
975
818
350
459
410
861
679
223
343
394
778
735
471
682
665
807
923
545
630
677
571
627
331
404
533
460
452
238
253
359
211
67
-66
10
147
-10
-132
-284
-151
-52
-218
-227
-401
-179
-146
-349
-252
-454
-290
-302
-665
-725
-1056
-934
-529
-647
-542
-606
-679
-406
-631
-709
-706
-887
-694
-818
-922
-812
-956
-872
-891
-1007
-962
-1062
-994
-810
-762
-632
-538
-478
13
585
877
1395
1391
962
799
455
419
356
180
212
-36
-130
-71
-310
-259
-334
-584
-434
-596
-452
-373
-579
-232
-251
-264
-236
-509
-429
-443
-575
-533
-610
-597
-556
-798
-841
-873
-971
-897
-986
-1017
-977
-1018
-1006
-1003
-1082
-1059
-1041
-1075
-923
-866
-735
-526
-586
-548
-568
-631
-444
-449
-305
-72
-117
75
-8
-217
-117
-261
-165
-29
-213
-63
-130
-303
-215
-452
-527
-446
-441
-280
-489
-716
-603
-580
-303
-160
-207
-50
-135
-143
-15
9
191
350
286
422
305
-118
-410
-1274
-1895
-2038
-2038
-2038
-2038
-2038
-2038
-2038
-2038
-2038
-2038
-2038
-2038
-2038
-2038
-2038
-2038
-2038
-2038
-2038
-2038
-2038
-2038
-2038
-2038
-2038
-2038
-2038
-2038
-2038
-2038
-2038
-2038
-2038
-2038
-2038
-2038
-2038
-2038
-2020
-2038
-2038
-2038
-1902
-1914
-2038
-2038
-1902
-1774
-1857
-2017
-1976
-1752
-1699
-1773
-1842
-1805
-1656
-1616
-1647
-1689
-1688
-1561
-1502
-1528
-1583
-1579
-1444
-1393
-1440
-1489
-1453
-1332
-1311
-1365
-1380
-1330
-1247
-1242
-1277
-1269
-1233
-1178
-1165
-1183
-1176
-1154
-1103
-1082
-1101
-1101
-1076
-1023
-1010
-1033
-1028
-994
-952
-950
-967
-952
-920
-894
-892
-899
-882
-858
-839
-832
-834
-822
-803
-783
-774
-778
-767
-747
-729
-718
-714
-709
-689
-608
-544
-534
608
2038
2038
1701
1678
2038
2038
2038
2038
2038
2038
2038
2038
2038
2038
2038
2038
2038
2038
2038
2038
2038
2038
2038
2038
2038
2038
2038
2038
2038
2038
2038
2038
2038
2038
2038
2038
2038
2038
2038
2038
2038
2038
2038
2038
2038
2038
2038
2038
2038
2038
2038
2038
2038
2038
2038
2038
2038
2038
2038
2038
2038
2038
2038
2038
2038
2038
2038
2038
2002
1981
1981
2008
1981
1862
1833
1881
1879
1821
1718
1722
1781
1737
1677
1609
1635
1656
1593
1562
1520
1528
1520
1437
173
-1762
-2038
-1654
-779
-565
-1386
-1486
-753
-137
-414
-1478
-1612
-682
-77
-193
-958
-1067
-675
-810
-968
-1491
-1520
-923
-846
-855
-1136
-1253
-791
-668
-565
-345
-334
107
404
271
1003
1199
1187
2038
2038
1831
1355
1147
1918
2038
1768
1161
1068
1848
2038
1467
1010
1147
1846
1963
1184
1045
1239
1700
1635
1109
1113
1201
1480
1450
1137
1057
1096
1336
1383
1088
932
1048
1272
1292
952
865
1052
1192
1143
847
873
1027
1077
1010
813
866
945
971
932
797
803
863
907
875
749
727
816
852
803
688
687
786
783
726
641
668
737
707
668
616
635
669
654
629
582
589
619
611
584
547
548
582
573
535
506
515
549
528
494
478
487
508
484
466
459
461
467
449
438
427
427
435
423
406
397
397
404
394
374
369
371
376
363
348
347
352
355
335
321
323
327
328
311
300
302
309
308
291
282
283
291
287
269
262
267
274
269
250
247
252
255
251
235
232
234
232
232
219
216
218
214
215
206
200
203
199
201
159
250
147
81
206
103
169
216
145
324
296
249
345
223
310
366
227
327
277
244
349
183
224
267
138
252
141
89
231
134
208
246
189
400
414
441
628
739
1551
2038
2038
2038
2038
2038
2038
2038
2038
2038
2038
2038
2036
2038
2038
2038
1628
875
640
484
382
626
401
132
75
250
512
31
-87
-44
237
269
-245
1
57
269
255
-82
241
190
186
252
11
163
138
46
285
45
29
193
55
230
-64
-196
63
-129
-79
-172
-264
-23
-128
-176
-77
-138
-71
-75
-207
-86
-135
-198
-90
-226
-202
-161
-232
-116
-170
-284
-170
-226
-228
-146
-294
-149
-142
-276
-138
-251
-220
-153
-318
-216
-289
-392
-264
-438
-422
-365
-539
-378
-404
-481
-325
-437
-331
-244
-360
-187
-250
-313
-191
-348
-306
-262
-421
-276
-327
-430
-306
-453
-401
-327
-486
-363
-369
-419
-265
-371
-310
-196
-338
-214
-254
-332
-180
-307
-270
-169
-281
-109
-114
-173
-36
-189
-133
-53
-184
-71
-149
-253
-121
-250
-194
-74
-188
-30
-49
-97
52
-56
-25
47
-71
63
45
-37
107
-28
2
85
-70
53
35
-34
114
-31
17
103
-69
57
-35
-147
5
-136
-112
-54
-216
-51
-72
-148
8
-146
-77
16
-138
-25
-71
-139
4
-146
-143
-66
-226
-79
-77
-151
10
-100
-65
21
-132
-24
-84
-204
-67
-200
-160
-69
-224
-105
-142
-233
-101
-257
-222
-122
-250
-88
-107
-153
28
-84
-56
26
-115
30
9
-78
59
-106
-70
-22
-224
-117
-187
-275
-88
-213
-141
-8
-140
29
-34
-136
26
-113
-86
-9
-164
-29
-64
-131
29
-112
-56
9
-159
-30
-44
-117
40
-78
-66
13
-137
-28
-103
-201
-40
-140
-106
-24
-188
-69
-91
-174
19
-47
17
81
-84
11
-33
-123
56
-42
-8
111
-26
123
99
6
173
91
128
217
59
162
137
9
121
-43
-33
68
-98
31
32
-44
143
23
41
137
-62
41
6
-120
27
-102
-81
36
-130
-12
-50
-164
-21
-163
-132
-63
-250
-159
-185
-268
-119
-255
-224
-114
-247
-122
-177
-255
-102
-216
-198
-115
-240
-78
-64
-114
55
-87
-29
103
1
811
1623
1676
1957
1658
1413
1566
1395
1517
1373
1130
1293
1157
1184
1322
987
1075
1057
1006
1194
813
849
957
819
903
709
696
876
724
682
703
619
756
669
542
639
508
535
612
