-18
-33
-60
-64
-71
-84
-66
-51
-39
-29
-45
-47
-58
-61
-68
-96
-85
-64
-48
-19
-9
-9
9
22
54
82
96
131
128
118
116
101
76
44
20
-18
-73
-124
-148
-162
-176
-167
-135
-93
-49
-14
17
35
26
43
71
73
78
74
69
76
96
97
85
62
21
6
-4
-14
-36
-76
-96
-89
-84
-79
-82
-89
-57
-37
-25
-16
-25
-15
-26
-26
-19
-27
-21
-16
-9
-2
-14
-36
-41
-44
-46
-57
-60
-38
-9
12
17
36
57
82
100
89
83
84
89
87
90
91
78
57
30
12
-17
-64
-109
-145
-159
-147
-159
-156
-123
-110
-95
-107
-120
-117
-117
-91
-72
-54
-60
-76
-69
-68
-49
-25
-8
4
9
18
18
10
17
-8
-41
-48
-59
-37
-35
-32
-19
-41
-39
-36
-29
-12
-27
-38
-57
-74
-71
-82
-65
-48
-36
5
29
42
17
-26
-48
-75
-91
-93
-106
-113
-103
-83
-76
-77
-68
-63
-46
-15
7
8
-8
2
2
-14
-31
-59
-59
-50
-50
-52
-70
-88
-87
-76
-53
-29
-16
0
16
51
82
90
125
174
206
212
187
161
152
150
164
159
143
137
131
155
197
249
302
345
391
422
439
475
505
536
577
598
616
631
653
677
699
736
779
830
891
950
1021
1103
1182
1265
1322
1389
1472
1557
1660
1742
1842
1951
2032
2038
2038
2038
2038
2038
2038
2038
2038
2038
2038
2038
2038
2012
1991
1950
1930
1908
1873
1856
1825
1803
1775
1746
1731
1703
1679
1653
1632
1617
1589
1564
1543
1522
1504
1478
1459
1443
1420
1403
1380
1363
1347
1323
1308
1287
1270
1253
1233
1220
1201
1183
1168
1152
1138
1120
1103
1092
1077
1061
1046
1029
1018
1002
987
975
959
948
933
920
910
897
886
872
860
849
836
825
813
800
790
779
768
760
747
737
727
714
707
696
687
678
667
658
650
640
633
624
614
607
597
590
583
574
565
557
549
543
534
527
519
512
507
499
492
485
479
472
465
458
451
445
439
434
426
421
416
409
405
399
393
388
381
377
373
365
361
357
351
347
341
336
333
328
325
319
315
312
305
302
297
293
289
284
282
279
274
270
266
262
259
253
251
248
244
242
237
236
233
228
224
221
219
216
212
210
207
204
202
198
196
194
189
187
184
182
181
177
175
173
169
169
167
161
161
157
155
155
152
149
147
145
144
142
139
137
134
135
132
129
130
125
125
124
121
120
116
115
115
111
111
110
108
108
105
103
102
100
101
99
97
96
94
94
93
90
88
87
86
86
84
83
83
81
80
78
77
77
74
75
74
71
72
70
70
70
66
66
66
64
65
63
61
60
59
59
59
57
57
55
53
55
53
53
53
50
51
51
49
50
47
47
48
46
47
44
43
44
41
42
40
40
42
39
39
38
37
38
36
36
36
34
34
33
33
33
31
32
34
31
31
31
30
30
30
29
28
28
28
28
26
27
26
26
27
26
26
21
6
-5
-4
2
19
23
21
22
15
18
19
12
10
10
18
22
18
12
-9
-45
-120
-202
-271
-336
-359
-388
-424
-404
-394
-371
-322
-307
-273
-241
-240
-237
-227
-193
-168
-151
-146
-176
-202
-228
-258
-284
-318
-340
-380
-406
-377
-320
-243
-193
-163
-133
-119
-129
-131
-126
-152
-181
-183
-217
-281
-310
-359
-410
-404
-399
-400
-389
-362
-326
-302
-267
-230
-211
-205
-210
-222
-233
-256
-276
-290
-316
-347
-414
-480
-533
-596
-631
-671
-704
-708
-704
-645
-575
-523
-465
-411
-349
-309
-293
-274
-269
-256
-239
-253
-275
-308
-351
-399
-451
-487
-533
-574
-587
-595
-572
-539
-486
-414
-354
-315
-307
-272
-250
-251
-234
-242
-269
-314
-394
-457
-515
-577
-613
-652
-654
-645
-635
-596
-560
-487
-424
-377
-330
-331
-334
-334
-346
-365
-412
-463
-517
-561
-588
-646
-721
-777
-813
-801
-763
-716
-669
-632
-572
-512
-444
-390
-358
-323
-309
-290
-283
-305
-323
-348
-382
-437
-513
-591
-650
-670
-692
-703
-685
-651
-582
-523
-474
-408
-375
-363
-359
-390
-408
-429
-436
-422
-432
-405
-408
-426
-441
-504
-552
-601
-616
-583
-557
-520
-489
-470
-434
-408
-381
-371
-400
-396
-412
-435
-430
-439
-424
-435
-469
-493
-525
-528
-544
-552
-511
-487
-444
-392
-379
-368
-365
-373
-387
-404
-420
-469
-506
-503
-506
-501
-501
-484
-449
-439
-424
-440
-475
-502
-545
-581
-577
-547
-502
-423
-362
-338
-313
-296
-301
-301
-303
-315
-315
-308
-312
-341
-343
-347
-368
-342
-351
-326
-242
-230
-213
-228
-280
-256
-262
-281
-271
-325
-343
-346
-372
-342
-347
-362
-384
-430
-439
-464
-466
-455
-466
-454
-451
-427
-394
-379
-346
-346
-330
-293
-299
-291
-304
-307
-293
-324
-312
-314
-337
-321
-324
-319
-310
-333
-334
-332
-333
-315
-309
-287
-269
-285
-298
-318
-341
-359
-390
-406
-406
-394
-379
-360
-352
-370
-371
-377
-367
-343
-345
-340
-341
-358
-366
-383
-393
-362
-346
-329
-333
-373
-398
-429
-431
-455
-486
-421
-350
-311
-280
-283
-267
-238
-229
-211
-216
-229
-231
-240
-235
-235
-259
-292
-332
-349
-358
-374
-348
-294
-242
-230
-235
-221
-218
-231
-257
-281
-302
-321
-326
-329
-314
-306
-311
-302
-307
-310
-293
-298
-302
-302
-316
-290
-287
-293
-286
-312
-299
-310
-345
-342
-362
-396
-412
-432
-437
-403
-379
-341
-311
-306
-280
-255
-233
-206
-194
-213
-219
-233
-278
-315
-340
-358
-396
-420
-414
-411
-398
-374
-357
-343
-330
-333
-306
-274
-262
-233
-217
-200
-183
-215
-235
-234
-252
-264
-285
-304
-307
-303
-284
-261
-219
-175
-158
-159
-169
-162
-148
-135
-118
-119
-118
-113
-112
-120
-162
-197
-201
-208
-212
-221
-241
-248
-238
-225
-221
-220
-230
-231
-218
-207
-171
-142
-125
-86
-51
-7
26
38
51
53
44
39
44
33
27
12
-15
-26
-42
-69
-95
-112
-104
-89
-115
-139
-149
-148
-138
-133
-124
-143
-155
-166
-192
-190
-193
-225
-253
-257
-254
-240
-210
-187
-159
-107
-69
-35
0
11
23
17
13
12
-26
-59
-107
-153
-172
-195
-217
-238
-244
-233
-219
-187
-167
-151
-127
-116
-104
-90
-86
-91
-102
-106
-105
-113
-132
-162
-182
-213
-239
-251
-269
-271
-287
-305
-298
-284
-256
-225
-202
-181
-177
-182
-174
-153
-148
-158
-172
-206
-225
-228
-235
-216
-217
-237
-230
-227
-196
-159
-134
-96
-81
-68
-61
