-153
-358
-280
-79
65
33
-107
-63
-41
-94
82
-347
-329
299
96
194
221
-80
-32
-83
53
152
-141
-41
48
-87
196
2
-283
-87
-128
84
62
-176
-119
-92
-37
-218
7
-25
-191
-23
-107
-46
-194
-218
-63
-63
-28
54
-332
-270
-162
-311
264
-101
-134
-220
-206
402
-148
-15
-371
-251
473
-19
161
-92
-522
269
83
-132
501
-279
91
107
-415
533
-177
7
355
-174
152
-252
-35
188
-184
181
17
-202
121
-203
27
173
-151
271
-137
-284
-44
-120
12
-116
-85
-187
-12
135
20
42
-205
-72
69
-64
8
-151
-292
65
-194
-77
188
-301
113
-197
-190
174
-110
93
-49
-157
-176
-131
-3
-3
-98
-153
-44
65
-165
108
276
-146
128
-177
-113
310
-324
-26
89
-308
-20
-388
-87
239
-301
-90
-250
-108
97
-42
-39
-493
-149
138
-292
-251
-82
-138
-46
92
122
-59
-347
-228
-79
186
-70
-156
26
-233
125
-189
-88
100
-192
79
-173
-425
-64
125
-56
244
-142
-173
194
-77
32
-71
50
50
-14
-119
-144
91
-89
85
25
-155
-24
-65
-18
-106
-120
7
19
-111
123
35
-258
-9
-88
25
-24
-45
65
32
-107
-182
205
-4
69
164
-430
-139
301
-68
185
170
-189
266
-104
3
308
-157
196
-64
-133
179
-194
68
74
-74
166
-91
88
-74
-121
330
-262
169
215
-305
219
-125
-10
53
-187
256
-87
-287
66
-13
-96
132
9
-132
-155
-153
32
136
-105
-87
-12
-104
402
-133
-87
337
-270
310
29
-455
203
46
98
273
-73
-78
20
182
163
-128
11
-18
-67
52
-315
-49
294
24
231
83
-234
258
200
142
146
-76
292
119
26
241
-29
-156
140
226
-54
170
369
45
149
-72
-328
363
235
-261
152
103
76
240
183
44
-309
-32
33
16
-96
-313
-56
-429
195
427
-487
117
63
-98
164
-293
-229
106
-19
12
63
-140
185
-159
-33
143
-2
267
-174
17
-185
-7
200
-250
210
77
-42
-223
43
281
-24
314
16
-153
18
113
-19
108
-108
-264
41
-53
321
-4
-89
48
-87
179
-94
-111
65
69
70
-26
-136
-161
166
-25
-54
-103
-203
112
-321
-127
75
-233
68
16
-120
-71
-169
-30
-183
-205
135
-251
-32
86
-342
91
-206
-114
-45
-266
157
-229
117
213
-219
-93
-108
147
144
-102
231
189
-66
224
-87
104
-128
-138
414
-177
204
75
-82
204
-136
123
-125
21
364
-74
-166
11
106
161
55
-171
40
-169
40
148
-217
-165
-152
216
64
208
-40
-261
23
-105
245
61
-19
113
-39
17
109
27
-347
-115
63
161
277
-2
152
127
38
-49
-80
96
171
2
-238
79
155
-23
20
-41
-113
107
107
-139
128
86
68
-52
-47
241
-49
192
33
-23
153
-86
90
-25
103
211
-140
74
155
-144
41
-336
-20
387
-99
240
-318
-168
195
-261
12
-210
-168
-461
-279
387
-9
84
74
-302
46
107
-131
91
-138
49
32
-254
183
-71
26
-145
-54
404
-145
84
-61
-169
247
70
115
134
-3
-7
-42
-84
-53
3
40
28
178
66
-70
101
45
35
129
98
19
-24
87
19
57
154
-104
83
66
-186
76
151
143
160
3
-93
-16
94
71
72
71
24
-3
81
129
100
91
20
15
70
146
118
122
97
49
66
2
77
22
-32
62
49
56
26
-39
38
94
-3
52
-19
-18
100
14
87
26
-16
51
-12
28
18
-27
40
31
31
31
-51
28
58
75
96
32
96
81
90
108
60
74
24
30
50
49
78
66
70
70
40
37
28
11
14
-19
0
11
-21
-23
-59
-61
-74
-91
-74
-67
-49
-56
-57
-51
-46
-43
-59
-53
-53
-72
-65
-59
-70
-41
-8
10
15
-21
-36
-75
-26
39
-32
-78
-87
-30
-6
-4
-106
-96
-31
-91
-88
-32
38
-156
-47
-319
-10
307
-145
482
70
-102
149
-350
-41
243
272
365
47
108
323
-116
263
37
-112
269
-177
216
-45
-181
110
-205
137
50
-107
43
-211
-309
164
51
-51
113
-133
53
-215
-40
144
-191
154
-111
-264
161
-13
-46
-130
-255
32
-101
46
-1
-179
167
-247
-254
173
-186
20
-75
-99
274
-126
112
-192
-321
271
0
167
-1
-230
214
68
160
129
-241
77
58
-72
281
-61
-57
51
-202
120
-130
16
92
-78
198
-27
-12
66
191
178
-95
37
101
-66
121
23
-143
212
16
-330
-361
129
168
-36
154
-331
-188
-135
-196
26
-253
-106
-99
-425
-122
-344
-409
221
-133
128
-46
-447
-143
-165
155
-120
-138
65
-139
-327
-155
187
105
95
36
55
133
266
-25
23
181
40
84
-113
434
197
31
298
-159
-76
-136
119
213
106
125
-207
-219
-16
83
-40
-56
-46
31
-62
-246
-133
-43
71
-190
-116
-82
-336
204
58
-87
-35
-242
-66
-207
-96
-44
-185
-177
5
15
57
170
-85
-1
-135
88
105
60
239
-224
57
106
111
381
-55
31
105
-105
251
96
-93
15
-59
95
41
11
-11
-190
-38
42
-56
-206
-249
85
-48
-22
73
-373
-147
-128
0
171
-172
44
-200
-128
67
-222
32
-154
-70
-103
-194
314
5
46
142
-354
53
35
-218
49
-115
107
79
-73
114
-42
-99
44
65
47
-300
-68
163
-2
379
-334
-303
265
-178
49
48
-299
39
152
-144
125
66
-166
-146
121
306
-102
158
121
5
45
-57
230
-52
13
232
-95
159
328
-141
15
104
115
183
-247
135
35
-116
-102
-20
435
-315
138
269
-462
217
117
-332
174
88
-124
139
-122
93
-236
-401
416
124
48
81
-69
-45
-87
171
78
60
135
26
-164
124
182
-51
211
-131
-22
38
-86
151
-170
-115
50
75
81
45
-10
-155
-312
122
220
-4
497
-48
-115
376
102
174
-39
64
106
-190
378
166
-61
300
-90
71
131
-101
84
46
378
283
-18
157
-85
148
218
-183
-57
70
306
211
-79
159
70
128
356
39
95
5
139
302
80
133
-245
-40
365
295
279
163
151
200
270
161
110
205
228
-31
182
412
103
347
106
-10
73
33
316
183
266
104
-70
148
206
190
109
33
94
185
57
163
125
123
118
-52
255
150
61
133
88
49
-57
233
186
79
130
62
108
171
137
12
69
-86
114
193
-136
201
-26
-36
236
0
127
38
58
7
-17
213
165
