61
70
112
126
112
161
158
123
109
39
-6
-28
-55
-31
-39
-37
-39
-77
-104
-135
-156
-151
-143
-147
-119
-130
-118
-94
-148
-145
-138
-128
-57
-49
-28
26
-16
9
27
-35
-42
-116
-173
-178
-223
-180
-166
-191
-163
-191
-160
-95
-78
-15
10
14
47
34
38
42
15
23
-9
-10
5
-17
12
16
17
57
68
86
134
131
133
160
158
153
135
117
129
133
90
58
43
62
140
204
259
248
237
248
159
101
83
28
59
86
99
180
216
289
331
342
395
349
344
397
375
351
254
138
120
26
-57
-67
-119
-63
-3
-21
34
53
69
151
207
286
365
372
395
388
326
242
98
18
-66
-161
-207
-261
-277
-259
-212
-148
-94
-60
5
76
184
255
242
269
237
216
209
150
113
69
21
23
45
35
36
-30
-113
-160
-228
-208
-160
-154
-113
-108
-92
-29
-44
-21
34
55
134
134
109
63
-118
-242
-361
-478
-489
-536
-537
-487
-473
-395
-320
-249
-153
-99
-17
67
104
135
102
65
66
22
-38
-86
-152
-199
-231
-229
-193
-185
-152
-101
-98
-73
-53
-96
-107
-137
-169
-166
-177
-156
-141
-151
-143
-154
-175
-174
-213
-252
-289
-340
-291
-236
-225
-184
-209
-218
-182
-174
-119
-112
-119
-118
-190
-138
-66
-109
-99
-160
-221
-160
-157
-120
-88
-73
-15
-34
-10
-1
-28
40
94
144
205
201
206
209
171
166
137
79
67
38
-13
-24
-19
-2
17
20
70
119
172
269
276
252
252
199
201
175
114
131
69
55
59
-8
28
16
-11
19
-26
-36
-21
-37
17
46
62
114
85
83
85
45
63
51
40
67
80
100
88
6
-54
-74
-79
2
72
123
195
196
205
195
144
144
110
112
124
77
114
140
148
203
186
194
243
220
221
181
121
141
116
110
91
27
36
45
74
133
158
276
418
500
603
575
548
576
512
549
554
474
501
482
488
557
539
590
655
680
741
685
660
707
688
742
743
710
748
725
692
685
650
631
601
538
562
593
605
639
628
613
580
560
580
600
626
651
631
663
703
677
713
695
678
741
719
712
682
525
405
261
121
101
51
26
84
73
84
109
101
155
164
180
233
252
304
343
361
389
331
231
132
24
-13
-99
-183
-108
-63
-35
49
113
246
341
348
412
408
402
461
454
525
582
522
480
367
275
272
219
235
235
161
147
68
23
-3
-89
-77
-59
-2
72
60
116
125
67
124
101
53
62
-15
-66
-153
-249
-297
-348
-348
-376
-364
-288
-201
-110
-69
-34
-4
16
10
-19
-15
-54
-99
-73
-92
-113
-145
-211
-197
-223
-239
-237
-274
-219
-159
-68
53
93
152
144
126
136
66
49
17
-25
23
34
60
57
-14
-48
-119
-214
-283
-348
-390
-395
-416
-426
-390
-350
-304
-227
-177
-124
-78
-86
-74
-109
-106
-85
-151
-157
-197
-257
-230
-213
-177
-161
-178
-129
-89
-27
67
109
167
184
184
208
165
146
143
90
53
15
-57
-104
-129
-156
-168
-215
-254
-262
-272
-222
-201
-187
-85
-58
-8
86
30
5
-20
-84
-90
-143
-132
-127
-187
-191
-236
-217
-111
-83
-1
15
-62
20
-2
-37
15
-46
-36
-22
-40
-26
-34
-36
-69
-74
35
64
33
-49
-115
10
-21
-2
32
-66
32
59
13
51
43
12
41
59
64
-35
-137
-154
-178
-187
-216
-140
-109
-70
13
-36
10
54
34
24
-25
78
137
132
169
81
30
17
-7
50
10
-83
-3
-31
5
44
6
196
172
170
251
205
288
305
315
386
329
225
168
118
144
140
110
85
20
39
-12
31
132
137
218
265
340
348
295
239
207
262
188
130
95
-5
-35
-114
-188
-134
-136
-90
-6
12
143
193
220
274
220
228
190
139
185
153
190
208
97
148
126
89
171
74
61
70
-88
-13
42
-4
99
27
9
35
-103
-127
-235
-335
-350
-490
-537
-575
-609
-556
-652
-687
-646
-735
-732
-697
-673
-584
-540
-456
-350
-335
-336
-374
-432
-428
-486
-495
-498
-552
-480
-430
-414
-321
-292
-371
-319
-335
-401
-377
-459
-444
-387
-395
-345
-318
-326
-287
-347
-429
-429
-522
-509
-503
-601
-633
-712
-726
-747
-745
-682
-719
-659
-610
-627
-597
-598
-572
-528
-534
-494
-451
-441
-409
-394
-396
-462
-484
-538
-608
-587
-618
-573
-555
-556
-469
-447
-382
-357
-368
-271
-289
-277
-222
-327
-285
-269
-303
-229
-311
-315
-321
-360
-259
-308
-319
-278
-340
-275
-244
-222
-99
-100
-60
3
-27
2
-67
-132
-163
-281
-299
-369
-419
-375
-380
-339
-282
-245
-187
-86
0
71
90
66
111
163
180
162
96
22
-47
-132
-144
-172
-196
-120
-128
-91
-29
-48
5
9
14
4
-97
-50
-61
-163
-98
-135
-122
-7
-56
22
43
18
106
62
80
102
87
133
85
99
106
60
142
144
118
175
165
215
276
315
446
530
592
621
572
527
520
471
427
444
350
335
348
246
202
99
-4
-8
-31
-12
40
50
98
89
46
33
9
20
-18
-12
20
-4
-32
-59
-54
-17
36
81
166
183
150
138
62
63
30
-90
-90
-130
-211
-219
-277
-267
-227
-260
-207
-168
-65
5
-39
36
41
4
-3
-81
-77
-106
-189
-180
-232
-205
-169
-200
-144
-162
-154
-115
-155
-164
-140
-151
-113
-35
-18
44
113
171
232
187
200
265
203
245
280
185
227
234
280
352
259
220
154
156
240
205
274
322
260
273
244
201
216
133
60
102
102
117
119
52
91
78
-36
-53
-91
-60
-64
-129
4
24
19
99
66
133
96
-49
-69
-161
-180
-223
-378
-355
-327
-340
-296
-293
-195
-97
-79
45
93
85
83
-33
-94
-56
-71
-54
-15
-54
-42
-83
-123
-103
-193
-259
-306
-329
-317
-341
-319
-279
-237
-198
-198
-177
-119
-149
-179
-176
-206
-185
-225
-283
-316
-354
-342
-365
-410
-395
-418
-462
-410
-417
-436
-357
-314
-256
-184
-184
-171
-122
-67
-29
-85
-114
-110
-148
-77
-49
-47
17
-6
30
47
-9
53
90
118
205
233
307
336
279
311
298
282
316
276
288
310
308
360
361
379
401
390
385
399
446
427
452
480
421
370
310
229
201
178
138
136
123
102
112
154
117
90
64
19
64
9
25
111
41
58
47
15
107
16
-99
-170
-286
-271
-304
-332
-287
-322
-255
-203
-156
-28
-13
31
78
77
81
13
-33
-43
-102
-113
-118
-121
-90
-126
-117
-105
-139
-140
